0 
18 0 
36 18 0 
45 27 9 0 
6 12 30 39 0 
13 5 23 32 7 0 
29 11 7 16 23 16 0 
5 20 38 47 8 15 31 0 
5 15 33 42 4 10 26 5 0 
18 5 18 27 12 5 11 20 15 0 
21 5 15 24 15 8 8 23 18 3 0 
25 8 12 20 19 12 5 27 22 7 4 0 
49 31 13 6 43 36 20 51 46 31 28 24 0 
8 25 43 52 13 20 36 5 10 25 28 32 56 0 
10 24 41 50 13 19 34 5 8 23 26 30 54 4 0 
11 25 42 50 13 19 34 5 9 23 26 30 54 5 1 0 
28 13 13 20 22 16 8 29 24 10 7 5 22 34 32 32 0 
12 25 42 51 14 20 35 6 10 23 26 30 54 6 2 1 32 0 
11 19 35 44 9 14 28 7 6 17 19 23 47 10 7 7 25 7 0 
19 11 22 31 13 9 15 18 14 6 7 10 33 23 21 21 11 21 14 0 
21 11 20 28 15 10 13 21 17 6 6 8 30 26 24 24 8 24 17 3 0 
29 14 14 21 22 16 9 29 24 10 8 6 22 34 32 32 1 32 25 11 8 0 
13 25 42 51 14 20 35 7 10 24 26 30 54 7 3 2 32 1 7 21 24 32 0 
15 30 47 56 18 25 40 10 14 28 31 35 59 7 5 5 37 5 12 26 29 37 5 0 
47 30 15 12 41 34 19 48 43 28 25 22 7 53 51 51 19 51 44 30 27 19 51 56 0 
15 25 40 49 15 19 33 10 11 22 25 28 51 11 6 5 29 5 5 18 21 29 4 8 48 0 
15 21 36 44 13 16 29 11 10 18 20 24 47 14 10 9 24 8 4 13 16 24 8 13 43 5 0 
51 34 19 15 44 38 23 51 47 32 29 26 10 56 54 54 22 54 47 33 30 22 54 59 4 51 46 0 
16 29 45 54 18 23 38 11 14 26 29 33 56 10 6 5 34 4 9 23 26 34 3 4 53 5 10 56 0 
18 20 34 42 15 16 27 14 12 16 19 22 44 17 13 13 22 12 7 11 14 21 12 16 40 8 3 43 13 0 
18 28 43 52 18 23 36 13 14 25 28 31 54 13 9 8 32 7 9 21 24 31 6 8 50 3 7 53 4 10 0 
18 26 42 50 17 21 34 13 13 23 26 29 52 13 9 8 30 7 8 19 22 29 6 10 48 3 5 51 5 8 2 0 
18 26 41 49 17 21 34 13 13 23 25 29 51 14 9 8 29 8 7 18 21 28 7 10 47 3 5 50 6 7 3 1 0 
18 25 40 48 17 20 33 13 13 22 24 28 50 14 10 9 28 8 7 17 20 27 7 11 46 3 4 49 7 6 4 2 1 0 
22 18 29 36 17 16 22 19 16 13 15 17 38 23 20 19 16 19 13 7 9 15 18 23 33 15 10 36 20 7 17 15 14 13 0 
25 33 48 55 25 29 41 20 21 30 32 36 57 20 16 15 35 14 15 25 27 34 13 13 52 10 12 54 10 13 7 7 8 8 19 0 
25 32 46 54 24 28 39 20 20 29 31 34 55 20 16 15 33 14 14 23 26 33 13 14 50 10 11 52 10 12 7 7 7 7 17 2 0 
25 31 44 52 24 26 37 20 20 27 29 32 53 20 16 15 31 14 14 22 24 31 13 15 48 10 10 50 11 10 7 7 7 7 15 4 2 0 
25 30 43 50 23 25 36 20 20 26 28 31 52 21 17 16 30 15 14 20 22 29 14 17 46 10 10 49 12 9 8 7 7 7 13 6 4 2 0 
25 29 41 48 23 25 34 20 20 25 26 29 50 22 17 17 28 16 14 19 21 27 15 18 44 11 10 47 14 8 9 8 8 7 12 8 6 4 2 0 
25 28 39 47 23 24 33 21 20 23 25 28 48 23 18 18 26 17 14 17 19 26 16 19 43 12 10 45 15 8 11 9 9 8 10 10 8 6 4 2 0 
26 26 37 44 23 23 31 22 20 22 23 26 45 25 20 19 24 19 15 16 17 23 18 22 40 14 11 42 18 8 13 12 11 10 8 13 11 9 7 5 3 0 
30 25 31 37 25 23 25 27 24 20 20 21 37 31 27 26 18 26 20 14 14 17 25 29 31 21 17 33 26 13 22 20 19 18 8 22 20 18 16 14 12 9 0 
31 25 30 36 26 23 25 29 25 20 20 20 36 32 28 28 17 27 22 14 14 16 27 31 29 23 18 31 27 15 24 22 21 20 9 24 22 20 18 16 14 11 2 0 
39 27 25 29 33 28 23 37 33 23 21 20 27 42 38 38 15 37 31 19 17 14 37 42 20 33 28 21 38 25 34 32 31 30 18 35 33 31 29 27 25 22 13 11 0 
52 37 26 25 46 40 28 52 47 34 32 29 20 56 53 53 24 52 46 33 30 23 52 57 13 49 44 10 53 40 50 48 47 46 33 51 49 47 45 43 41 38 29 27 16 0 
28 35 48 55 27 30 41 23 23 31 33 36 56 23 19 18 34 17 17 25 27 34 16 17 51 13 14 53 13 14 10 10 10 10 18 3 3 3 5 6 8 11 20 22 33 49 0 
28 33 45 53 26 29 38 23 23 29 31 33 54 24 19 18 32 17 17 23 25 31 16 18 48 13 13 50 14 12 10 10 10 10 16 5 4 3 3 4 5 8 17 19 30 46 3 0 
28 31 42 49 26 27 36 23 23 26 28 31 50 25 21 20 29 19 17 20 22 28 18 21 44 14 13 46 17 11 12 11 11 10 13 9 7 5 4 3 3 5 13 15 26 42 7 4 0 
29 29 39 46 26 26 33 25 23 25 26 28 47 27 23 22 26 21 18 18 20 25 20 24 41 16 13 43 19 11 15 14 13 12 11 13 11 9 7 5 4 3 9 11 22 38 11 8 4 0 
30 28 36 43 26 26 31 26 24 23 24 26 43 29 25 24 23 24 19 17 18 22 23 27 37 19 15 39 23 12 18 17 16 15 10 17 15 13 11 9 7 5 5 7 18 34 15 12 8 4 0 
35 28 31 36 30 27 26 33 29 23 23 23 35 37 33 32 18 31 26 18 17 17 31 35 28 27 23 29 31 19 27 26 25 24 13 27 25 23 21 19 17 14 5 4 8 24 25 22 18 14 10 0 
37 28 30 34 32 28 26 35 31 24 23 23 33 39 35 34 18 34 28 19 18 17 34 38 26 29 25 27 34 21 30 28 27 26 15 30 28 26 24 22 20 17 8 6 5 21 28 25 21 17 13 3 0 
38 29 29 33 33 29 26 37 33 24 23 23 31 41 37 36 18 36 30 20 18 17 35 40 24 31 27 25 36 23 32 30 29 28 17 32 30 28 26 24 22 19 10 8 4 19 30 27 23 19 15 5 2 0 
29 38 52 59 29 33 45 23 25 34 37 40 61 23 19 18 39 17 19 29 31 38 16 16 56 14 17 58 13 17 10 11 12 12 23 4 5 7 9 11 13 16 25 27 38 54 5 8 12 16 20 30 33 35 0 
32 39 52 59 31 34 45 27 28 35 37 40 60 27 23 22 38 21 22 29 31 38 20 20 54 17 18 56 17 18 14 14 14 14 22 7 7 8 9 10 12 14 23 25 35 51 4 6 9 13 17 27 30 32 5 0 
32 37 49 56 31 33 43 27 27 33 35 38 57 27 23 22 36 21 21 27 29 35 20 21 52 17 17 53 17 17 14 14 14 14 20 7 7 7 7 8 9 12 20 22 32 48 4 4 7 10 14 24 27 29 7 3 0 
33 40 52 59 32 35 46 28 29 36 38 41 60 28 24 23 39 22 23 30 32 38 21 21 55 18 19 56 18 19 15 15 15 15 23 8 8 8 10 11 12 15 23 25 35 51 5 7 10 13 17 27 30 32 5 1 3 0 
33 38 50 57 32 34 43 28 28 34 36 38 58 28 24 23 37 22 22 28 30 36 21 22 52 18 18 54 18 17 15 15 15 15 21 8 8 8 8 9 10 12 20 22 32 48 5 5 7 11 14 24 27 29 7 3 1 3 0 
34 41 53 60 33 36 46 29 30 37 38 41 61 29 25 24 40 23 24 31 33 39 22 22 55 19 20 57 19 20 16 16 16 16 24 9 9 9 10 12 13 15 23 25 36 51 6 7 10 14 18 27 30 32 6 2 3 1 3 0 
34 39 50 58 32 35 44 29 29 35 37 39 58 29 25 24 37 23 23 29 31 37 22 23 52 19 19 54 19 18 16 16 16 16 21 9 9 9 9 10 11 13 21 22 33 48 6 6 8 11 15 24 27 29 8 3 2 3 1 3 0 
36 34 41 46 32 32 35 32 30 29 30 31 46 35 30 30 27 29 25 23 23 26 28 31 39 24 21 40 27 18 23 21 21 20 16 20 18 16 15 13 12 10 9 10 19 34 17 14 10 7 6 10 13 15 21 18 15 18 15 18 15 0 
39 34 37 41 35 32 32 37 34 29 29 29 40 40 36 35 24 34 29 23 23 23 34 38 33 29 26 33 33 22 29 28 27 26 17 27 25 23 21 20 18 15 9 9 12 26 24 21 18 14 10 6 7 8 29 26 23 26 23 26 23 8 0 
41 34 36 39 36 33 32 38 35 29 29 29 38 42 38 37 24 37 31 24 23 23 36 40 31 32 28 31 36 24 32 30 29 28 19 30 28 26 24 22 21 18 11 10 10 23 27 24 20 17 13 6 6 6 32 29 26 29 26 29 26 11 3 0 
35 44 57 64 35 39 50 30 31 40 42 45 65 29 25 24 44 23 25 34 37 43 22 22 60 20 23 61 19 23 17 17 18 18 28 10 11 12 14 15 17 20 28 30 41 56 9 11 15 18 22 32 35 37 6 5 8 5 8 5 8 23 31 34 0 
49 38 34 35 43 39 32 47 43 34 32 31 31 51 48 47 25 47 41 30 28 24 46 50 24 42 38 23 47 34 43 41 40 39 28 41 40 38 36 34 32 29 21 19 10 13 39 36 32 28 24 15 12 10 44 41 38 41 38 41 38 23 15 12 46 0 
36 36 44 50 33 33 38 31 30 31 32 34 50 34 29 28 30 27 25 25 26 30 26 29 43 22 20 44 25 18 21 20 19 19 17 17 15 14 12 11 10 10 12 14 23 38 13 11 8 7 7 14 17 19 18 14 11 14 11 14 11 4 12 15 19 27 0 
39 38 44 50 36 36 39 35 34 33 34 35 49 38 33 32 31 31 28 27 27 30 31 34 42 26 24 43 29 21 25 24 23 23 20 21 19 18 17 15 14 13 13 14 22 36 18 15 12 10 10 14 16 18 22 18 15 17 14 17 14 4 9 12 22 24 4 0 
43 38 40 44 39 37 36 40 38 33 33 33 42 43 39 38 28 38 33 27 27 27 37 41 35 33 29 35 37 26 32 31 30 29 21 29 28 26 24 23 21 19 13 13 15 27 26 24 20 17 14 10 10 11 31 27 24 27 24 27 24 9 4 4 32 14 13 10 0 
45 38 39 42 40 37 36 42 39 33 33 33 40 45 41 41 28 40 35 28 27 27 39 43 33 35 31 33 39 28 35 33 32 32 23 32 30 29 27 25 23 21 15 14 13 24 29 26 23 19 16 10 10 10 34 30 27 30 27 30 27 12 5 4 35 11 16 13 3 0 
46 39 39 42 41 38 36 43 40 34 33 33 39 47 43 42 28 41 36 29 28 27 41 45 32 37 33 31 41 29 36 35 34 33 24 34 32 30 29 27 25 23 16 15 13 23 31 28 25 21 18 11 10 10 36 32 29 32 29 32 29 14 7 5 37 9 18 15 5 2 0 
50 41 40 42 44 41 38 47 44 37 36 35 39 50 46 46 30 45 40 32 31 29 44 48 32 40 36 31 44 33 40 38 38 37 27 38 36 34 32 30 29 26 19 18 15 21 35 32 28 25 21 14 13 12 39 35 32 35 32 35 32 18 10 8 40 8 21 18 8 5 3 0 
61 49 42 41 55 51 42 60 56 45 43 41 36 64 60 59 36 59 53 42 40 35 58 63 29 54 50 26 59 46 55 53 52 51 40 53 51 49 47 45 44 41 33 31 22 16 50 47 43 40 36 27 24 23 55 51 48 51 48 51 48 33 25 23 56 12 37 34 24 21 19 16 0 
48 53 63 69 47 49 57 43 43 48 50 52 69 43 39 38 49 37 37 42 44 48 36 36 62 33 33 63 33 32 30 30 30 30 34 23 23 23 23 24 25 26 31 33 41 55 20 20 21 23 26 33 36 37 20 16 16 15 15 14 14 22 29 32 14 43 19 19 28 31 33 35 51 0 
50 48 51 55 47 46 47 47 45 43 43 43 53 49 44 43 39 43 39 37 37 38 42 45 46 38 35 45 40 32 36 35 34 34 30 31 30 29 28 26 25 24 23 23 26 37 28 26 23 21 20 20 21 22 32 27 24 26 24 26 23 14 14 15 30 23 15 11 11 12 14 15 29 22 0 
51 48 50 54 47 46 47 47 45 43 43 43 52 50 45 44 38 44 40 37 37 37 43 46 45 39 36 44 42 33 37 36 36 35 30 33 31 30 29 28 26 25 23 23 25 35 29 27 25 22 21 20 20 21 33 28 26 28 25 27 25 15 14 14 32 22 16 12 10 11 12 13 27 24 2 0 
56 49 48 50 51 49 46 53 50 44 43 43 47 56 52 51 38 50 46 39 38 37 50 53 39 45 42 38 49 39 45 43 43 42 34 41 40 38 37 35 33 31 26 25 23 28 38 36 32 29 26 21 20 20 42 38 35 38 35 37 34 22 16 15 42 15 24 20 12 11 10 8 17 35 13 11 0 
66 55 49 48 60 56 49 64 60 51 49 47 43 68 64 63 42 63 57 47 45 41 62 66 36 58 54 33 62 50 58 56 55 54 44 55 54 52 50 48 47 44 37 35 28 23 52 50 46 42 39 31 29 27 57 53 50 53 50 52 50 35 28 26 57 17 39 35 26 23 21 17 7 51 29 27 16 0 
51 55 64 70 50 51 59 46 46 50 52 54 70 46 42 41 51 40 40 44 46 50 39 39 63 36 36 64 36 35 33 33 33 33 37 26 26 26 26 26 27 28 33 34 42 56 23 23 24 25 28 34 37 38 23 19 19 18 18 17 17 24 30 32 18 43 20 20 29 31 33 35 50 3 21 23 34 50 0 
51 54 63 68 49 50 57 46 46 49 50 52 67 46 42 41 49 40 40 43 44 48 39 40 61 36 36 61 36 34 33 33 33 33 35 26 26 26 26 26 26 27 31 32 40 53 23 23 23 24 26 32 34 36 24 19 19 18 18 17 17 22 27 30 19 40 18 18 26 29 30 32 48 5 18 20 31 47 3 0 
51 53 60 66 49 50 55 46 46 48 49 50 65 47 42 41 47 40 40 42 43 46 39 41 58 36 36 58 37 34 33 33 33 33 34 27 26 26 26 26 26 26 29 30 37 50 23 23 23 23 24 29 31 33 25 20 19 19 18 18 17 19 24 27 21 37 17 15 23 25 27 29 44 8 14 16 27 43 7 4 0 
51 52 58 63 49 49 53 46 46 47 48 49 62 48 43 42 45 41 40 41 41 44 40 42 55 37 36 55 38 34 34 34 33 33 33 28 27 27 26 26 26 26 27 28 34 46 25 24 23 23 23 27 29 30 27 22 21 21 20 20 19 18 22 24 24 33 16 13 19 22 23 25 40 12 10 12 23 39 11 8 4 0 
52 51 56 61 49 49 52 47 46 46 47 48 59 49 44 44 44 43 41 40 40 43 42 44 52 38 36 52 40 34 36 35 35 34 33 30 29 28 27 27 26 26 26 27 32 43 26 25 24 23 23 25 26 28 29 24 23 24 22 23 21 17 19 21 27 30 16 13 17 19 20 21 36 16 6 8 19 35 15 12 8 4 0 
55 51 52 55 51 49 49 51 49 46 46 46 53 54 49 49 41 48 44 40 40 40 47 50 45 43 40 45 46 37 42 40 40 39 34 37 36 34 33 32 31 29 26 26 27 35 33 31 29 26 25 23 23 23 37 33 30 32 30 31 29 19 17 17 36 22 20 16 13 13 13 13 26 27 5 4 8 24 26 23 19 15 11 0 
56 51 52 54 52 50 49 53 50 46 46 46 51 56 51 50 41 50 46 41 40 40 49 52 44 45 42 43 48 38 43 42 42 41 35 39 38 36 35 34 32 31 27 26 26 33 36 33 31 28 26 23 23 23 40 35 33 34 32 34 31 20 17 17 38 20 22 18 13 13 13 12 23 30 8 6 5 21 29 26 22 18 14 3 0 
57 51 51 54 53 50 49 54 51 46 46 46 50 57 52 52 41 51 47 41 40 40 50 53 43 46 43 42 49 39 45 43 43 42 35 41 39 38 36 35 34 32 27 27 26 32 37 35 32 29 27 23 23 23 41 37 34 36 34 36 33 22 18 17 40 19 24 19 13 13 13 11 21 32 10 8 4 19 31 28 24 20 16 5 2 0 
51 57 67 73 50 53 61 46 47 52 54 56 73 46 42 41 53 40 41 46 48 53 39 39 66 36 37 67 36 36 33 33 33 33 39 26 26 26 27 28 29 30 36 37 46 59 23 24 25 28 30 37 40 41 23 19 19 18 18 17 18 27 33 36 17 47 23 23 32 35 37 39 54 4 25 27 38 54 4 7 11 15 19 30 33 35 0 
56 63 74 80 56 59 68 50 52 59 60 63 80 49 46 45 60 44 46 53 54 60 43 42 74 41 42 74 39 42 37 38 38 39 45 30 31 32 33 34 35 37 43 44 53 67 28 30 32 34 37 45 47 49 26 24 25 23 24 22 23 34 41 43 20 54 30 31 40 43 44 47 62 11 32 34 45 61 11 14 18 22 26 37 40 42 7 0 
57 64 75 81 57 59 68 51 53 59 61 64 81 50 47 46 61 45 47 53 55 60 44 43 74 42 43 75 40 43 38 39 39 39 46 31 32 33 34 34 36 37 43 45 54 67 29 30 33 35 38 45 48 49 27 25 26 24 25 23 24 35 41 44 21 55 31 31 40 43 45 47 62 12 32 34 45 61 11 14 18 22 26 37 40 42 8 1 0 
55 56 63 68 53 53 58 50 50 51 52 54 67 51 46 45 50 44 44 45 46 49 43 45 60 40 40 60 41 38 37 37 37 37 38 31 30 30 30 30 30 30 32 33 39 51 27 27 27 27 28 32 34 35 29 24 23 23 22 22 21 22 27 29 25 38 20 18 24 27 28 30 44 11 14 16 26 42 8 6 4 5 8 18 21 23 12 19 19 0 
55 56 62 66 53 53 57 50 50 51 51 53 65 51 47 46 49 45 44 44 45 48 44 46 58 41 40 58 42 38 38 38 37 37 37 32 31 31 30 30 30 30 31 32 37 49 28 27 27 27 27 30 32 33 30 25 24 25 23 24 22 21 25 27 27 35 20 17 22 24 26 27 41 13 12 13 24 39 11 8 5 4 5 15 18 20 15 22 22 3 0 
56 55 60 64 53 53 55 51 50 50 50 51 62 53 48 47 47 46 44 44 44 46 45 47 55 42 40 55 43 38 39 39 38 38 37 34 33 32 31 31 30 30 30 31 35 46 30 29 27 27 27 29 30 31 33 28 26 27 25 26 24 21 23 24 29 32 20 17 20 22 23 24 37 17 9 10 20 35 15 12 8 5 4 11 14 16 19 26 26 7 4 0 
56 60 69 75 55 56 63 51 51 55 57 59 74 51 47 46 56 45 45 49 51 55 44 44 67 41 41 67 41 40 38 38 38 38 42 31 31 31 31 32 32 33 38 39 46 59 28 28 29 30 32 38 41 42 28 24 24 23 23 22 22 28 34 36 22 46 25 24 32 34 36 38 53 8 23 25 35 51 5 6 9 13 16 27 30 32 5 10 10 9 12 16 0 
56 57 64 68 54 54 59 51 51 52 53 54 67 52 48 47 50 46 45 46 47 50 45 46 60 41 41 60 42 39 39 38 38 38 38 32 32 31 31 31 31 31 33 34 39 51 29 28 28 28 28 32 34 35 30 26 25 25 24 24 23 23 27 29 26 38 21 19 24 26 28 29 43 12 14 16 26 41 10 7 5 5 7 17 20 22 13 20 20 1 2 6 10 0 
56 56 62 66 54 54 57 52 51 51 52 53 64 53 49 48 49 47 45 45 46 48 46 47 57 42 41 57 44 39 40 39 39 39 38 34 33 32 32 31 31 31 32 32 37 48 30 29 28 28 28 30 32 33 32 27 26 26 25 26 24 22 25 26 29 34 21 18 22 24 25 26 39 16 11 12 22 37 13 11 7 5 5 13 16 18 17 24 24 5 2 2 14 4 0 
57 61 70 75 56 57 64 52 52 56 58 60 74 52 48 47 56 46 46 50 51 56 45 45 68 42 42 68 42 41 39 39 39 39 42 32 32 32 32 32 33 34 38 40 47 60 29 29 30 31 33 39 41 43 29 25 25 24 24 23 23 29 34 37 23 47 26 25 33 35 37 38 53 9 23 25 36 51 6 7 10 13 17 27 30 32 6 10 10 9 12 16 1 10 14 0 
57 60 69 74 55 57 63 52 52 56 57 59 73 52 48 47 55 46 46 49 50 54 45 45 66 42 42 66 42 41 39 39 39 39 42 32 32 32 32 32 32 33 37 38 45 58 29 29 29 31 32 38 40 41 29 25 25 24 24 23 23 28 33 35 24 45 25 24 31 33 35 37 51 9 21 23 34 49 6 6 8 11 15 25 28 30 7 12 12 7 10 14 2 8 12 2 0 
58 57 61 65 55 55 57 54 52 52 52 53 63 55 51 50 49 49 47 46 46 48 48 50 55 44 43 55 46 40 42 41 41 41 39 36 35 34 34 33 32 32 32 32 36 45 33 31 30 29 29 30 31 32 35 30 29 30 28 29 27 23 24 25 32 32 22 19 21 22 23 24 36 20 9 10 19 34 18 15 11 8 6 10 13 15 21 28 28 9 6 2 18 8 4 18 16 0 
60 57 58 61 57 55 55 56 55 52 52 52 59 59 54 53 47 52 49 46 46 46 51 54 51 47 45 50 50 42 46 45 44 44 39 41 40 38 37 36 35 34 32 32 33 40 37 35 33 31 30 29 29 29 41 36 33 35 33 34 32 24 23 23 38 27 25 21 19 19 19 19 29 27 9 9 12 26 25 22 18 15 11 6 7 8 29 36 36 17 14 10 26 16 12 26 24 8 0 
61 57 58 60 57 56 55 58 56 52 52 52 57 60 56 55 47 54 50 46 46 46 53 56 50 49 46 48 52 43 48 46 46 45 40 43 41 40 39 38 37 35 32 32 32 38 39 37 35 33 31 29 29 29 43 38 36 37 35 37 34 25 23 23 41 25 26 22 19 19 19 18 27 30 11 10 10 23 28 25 21 18 14 6 6 6 32 39 39 20 17 13 29 19 15 29 27 11 3 0 
57 63 73 79 57 59 67 52 53 59 60 62 78 52 48 47 59 46 47 52 54 59 45 45 71 42 43 72 42 43 39 39 40 40 45 32 32 33 33 34 35 36 41 43 51 64 29 30 32 34 36 43 45 47 29 25 26 24 25 23 24 32 38 41 23 51 29 29 37 39 41 43 58 10 28 30 41 56 8 10 14 18 21 32 35 37 6 5 5 14 17 21 5 15 19 5 7 23 31 34 0 
67 59 57 57 62 59 55 64 61 55 54 53 53 67 63 62 47 61 57 50 49 46 60 64 46 56 53 43 60 50 55 54 53 53 45 52 50 48 47 45 44 42 37 36 32 33 48 46 43 40 37 32 31 30 52 48 45 47 44 47 44 32 27 25 51 23 34 30 23 21 21 18 18 41 21 19 10 13 40 37 33 29 25 15 12 10 44 51 51 32 29 25 41 31 27 41 39 23 15 12 46 0 
58 60 68 73 56 57 63 53 53 55 57 58 72 53 49 48 55 47 47 49 50 54 46 47 65 43 43 65 43 41 40 40 40 40 42 33 33 33 33 33 33 33 37 38 44 56 30 30 30 31 32 37 39 40 31 26 26 25 25 24 24 27 31 33 26 43 24 23 29 32 33 34 49 11 19 21 31 47 8 7 7 9 13 23 25 27 10 15 15 5 7 11 5 5 9 5 3 13 21 24 10 36 0 
61 64 72 78 59 61 67 56 56 60 61 63 77 56 52 51 59 50 50 53 55 58 49 49 70 46 46 70 46 45 43 43 43 43 46 36 36 36 36 36 37 37 41 42 49 61 33 33 33 35 36 42 43 45 33 29 29 28 28 27 27 31 36 38 27 48 29 28 34 37 38 39 53 13 24 26 36 51 10 10 12 14 18 27 30 32 10 13 12 10 12 16 5 10 13 4 4 17 25 28 7 40 5 0 
61 62 69 74 59 59 64 56 56 57 58 60 72 56 52 51 56 50 50 51 52 55 49 50 65 46 46 65 47 44 43 43 43 43 44 36 36 36 36 36 36 36 38 39 45 56 33 33 33 33 34 38 39 40 34 30 29 29 28 28 27 28 32 34 29 42 26 24 29 31 33 34 47 15 19 20 29 44 12 10 10 10 12 21 24 26 14 19 18 6 7 10 9 5 7 8 7 10 18 21 13 33 4 7 0 
61 62 67 72 59 59 63 56 56 57 57 59 70 57 53 52 55 51 50 50 51 54 50 51 63 46 46 62 47 44 44 43 43 43 43 37 37 36 36 36 36 36 37 38 43 53 34 33 33 33 33 36 38 39 35 31 30 30 29 29 28 27 30 32 31 40 26 23 28 29 31 31 44 17 17 18 27 42 14 12 10 10 11 18 21 23 17 22 21 6 6 7 12 5 5 11 9 8 15 18 16 30 6 10 3 0 
61 61 66 70 59 59 61 57 56 56 57 57 68 58 54 53 53 52 50 50 50 52 51 52 60 47 46 60 49 44 45 44 44 44 43 39 38 37 37 36 36 36 36 37 41 50 35 34 33 33 33 35 36 37 37 32 31 31 30 30 29 27 29 30 33 37 26 23 25 27 28 29 41 19 14 15 23 38 17 14 12 10 10 15 18 19 20 25 25 8 6 6 15 7 5 15 13 5 11 14 20 26 10 14 7 4 0 
64 61 62 65 61 59 59 60 59 56 56 56 62 63 58 57 51 56 53 50 50 50 55 58 54 51 49 53 54 46 50 49 48 48 43 45 43 42 41 40 39 38 36 36 36 43 41 39 37 35 34 33 33 33 44 39 37 38 36 38 36 28 27 27 41 30 29 25 23 23 23 22 31 29 13 13 15 27 27 25 21 18 14 10 10 11 31 37 37 18 16 12 27 17 13 27 25 9 4 4 32 14 22 26 19 16 12 0 
65 61 61 64 61 60 59 62 60 56 56 56 60 64 60 59 51 58 55 50 50 50 57 60 53 53 50 51 56 47 51 50 50 49 44 46 45 44 43 42 41 39 36 36 36 41 43 41 39 37 35 33 33 33 46 41 39 41 38 40 38 29 27 27 44 29 30 26 23 23 23 21 29 32 15 14 13 24 30 27 24 20 17 10 10 10 34 40 40 21 18 15 30 20 16 30 28 12 5 4 35 11 25 29 22 19 15 3 0 
66 61 61 63 62 60 59 63 60 56 56 56 60 65 61 60 51 59 55 51 50 50 58 61 52 54 51 50 57 48 53 51 51 50 45 48 46 45 44 43 42 40 37 36 36 40 44 42 40 38 36 33 33 33 48 43 41 42 40 41 39 30 27 27 45 28 31 27 23 23 23 21 27 34 16 15 13 23 32 29 26 22 18 11 10 10 36 42 42 23 20 17 32 22 18 32 30 14 7 5 37 9 27 31 24 21 17 5 2 0 
69 64 63 64 65 63 61 66 63 59 58 58 61 68 64 63 53 62 59 53 53 52 61 64 53 57 55 51 60 51 56 55 54 54 48 51 50 49 47 46 45 43 40 39 38 41 48 46 43 41 39 35 35 35 51 46 44 46 43 45 43 33 30 29 49 29 35 30 26 25 25 23 27 38 19 18 15 21 36 33 29 25 22 14 13 12 39 45 45 27 24 20 35 25 22 35 33 18 10 8 40 8 30 34 27 24 20 8 5 3 0 
78 69 64 64 73 70 64 76 73 65 64 62 59 79 75 74 57 73 68 60 59 56 72 76 52 68 65 49 72 61 67 66 65 65 56 64 62 61 59 58 56 54 48 47 42 39 60 58 55 52 49 43 41 40 64 60 57 59 57 59 56 44 39 37 63 31 47 42 35 33 32 28 23 53 33 31 22 16 51 48 44 41 37 27 24 23 55 61 61 42 40 36 51 41 37 51 49 33 25 23 56 12 46 50 43 40 36 24 21 19 16 0 
81 74 71 71 76 73 69 77 75 69 68 67 66 80 76 75 62 74 70 64 63 61 73 76 59 69 66 56 72 63 68 67 66 65 59 63 62 60 59 58 57 55 50 50 46 46 60 58 55 53 50 46 45 44 63 58 56 58 55 57 55 45 41 39 61 37 46 42 37 35 35 32 30 49 31 30 24 24 47 44 41 37 34 26 24 23 51 56 56 38 35 32 46 37 33 46 44 29 22 20 50 14 41 44 37 34 30 19 17 15 12 9 0 
81 74 71 71 77 74 70 78 76 69 68 67 66 81 77 76 62 75 71 65 63 61 74 77 59 70 67 56 73 64 69 68 67 67 59 65 63 62 60 59 58 56 51 50 47 46 61 59 56 54 51 47 45 45 65 60 58 59 57 59 56 46 42 40 63 37 48 43 38 36 35 32 30 51 33 31 25 23 49 46 42 39 36 27 25 24 52 58 58 40 37 34 48 39 35 48 46 31 24 22 52 14 43 46 39 36 32 21 18 17 13 8 2 0 
71 75 84 89 70 72 78 66 67 71 72 74 87 66 62 61 70 60 61 65 66 69 59 59 80 56 57 80 56 56 53 53 53 53 57 46 46 46 47 47 48 49 52 53 60 71 43 43 44 46 47 53 54 56 43 39 39 38 38 37 37 43 47 49 37 58 40 39 45 47 48 49 62 23 34 36 45 59 20 21 23 25 28 36 39 41 20 18 17 20 22 25 15 20 23 14 15 26 33 35 14 47 15 11 15 18 21 32 35 37 39 55 48 50 0 
73 79 88 93 73 75 82 68 69 74 76 78 92 67 63 62 74 61 63 68 69 74 60 60 85 58 59 85 57 58 55 55 55 56 60 48 48 49 49 50 51 52 56 58 65 77 45 46 47 49 51 57 59 60 44 41 42 40 41 39 40 47 52 54 38 63 44 43 50 52 54 55 68 26 40 41 51 65 23 25 27 30 33 42 45 46 22 18 17 25 27 31 18 25 28 18 19 31 39 41 15 53 20 15 21 23 27 38 41 43 45 61 54 56 6 0 
74 80 89 94 74 76 83 69 70 75 76 78 93 68 64 63 75 62 64 69 70 74 61 61 86 59 60 86 58 59 56 56 56 57 61 49 49 50 50 51 52 53 57 58 65 77 46 47 48 50 52 58 60 61 45 42 43 41 42 40 41 48 53 55 39 64 44 44 50 53 54 55 68 26 40 42 51 65 24 26 28 31 34 43 45 47 23 19 18 26 28 31 19 26 29 18 20 32 39 42 16 53 21 16 21 24 27 38 41 43 46 61 54 56 6 1 0 
74 76 83 87 72 73 78 69 69 71 72 74 85 69 65 64 70 63 63 65 66 69 62 62 78 59 59 77 59 57 56 56 56 56 57 49 49 49 49 49 49 50 52 53 58 68 46 46 46 47 48 51 53 54 46 42 42 41 41 40 40 42 46 47 40 55 40 38 43 45 46 46 58 26 32 33 41 54 23 23 23 24 26 33 35 37 23 23 23 19 21 23 18 19 21 17 17 22 28 31 18 41 16 13 13 15 17 27 29 31 33 49 41 43 7 13 13 0 
74 75 80 84 72 72 76 69 69 70 71 72 82 69 65 64 68 63 63 64 64 67 62 63 74 59 59 74 60 57 56 56 56 56 56 49 49 49 49 49 49 49 50 51 55 64 46 46 46 46 46 49 50 51 47 42 42 41 41 41 40 41 43 44 42 51 39 36 40 41 42 42 53 27 29 30 36 49 24 23 23 23 24 29 31 32 25 27 26 19 19 20 20 18 18 19 18 19 24 26 22 36 16 15 13 13 14 22 24 26 28 43 35 37 13 19 19 6 0 
74 74 78 81 72 72 74 70 69 69 69 70 79 71 66 65 66 64 63 63 63 65 63 65 71 60 59 70 61 57 57 57 57 56 56 51 50 50 49 49 49 49 49 49 52 60 47 47 46 46 46 47 48 49 49 44 43 43 42 42 41 40 41 42 44 47 39 36 37 39 39 39 48 30 26 27 32 44 26 25 24 23 23 25 27 28 29 32 31 19 19 19 23 18 18 22 21 17 20 22 26 31 18 19 14 13 13 17 19 21 22 37 29 31 19 25 25 12 6 0 
75 74 76 79 72 72 73 71 70 69 69 69 76 72 68 67 64 66 64 63 63 63 65 67 68 61 60 67 63 57 59 58 58 58 56 53 52 51 51 50 50 49 49 49 50 57 49 48 47 46 46 46 46 47 51 46 45 46 44 45 43 40 40 40 47 44 39 36 36 37 37 36 44 33 26 26 29 39 30 28 26 24 23 23 24 25 33 36 36 22 21 19 27 21 19 27 25 17 17 18 31 26 22 23 18 16 14 14 15 17 17 31 23 25 25 31 31 18 12 6 0 
77 74 75 77 73 72 72 73 71 69 69 69 74 74 70 69 64 68 66 63 63 63 67 69 66 63 61 64 65 59 61 60 60 60 56 55 55 54 53 52 51 50 49 49 49 54 52 50 49 48 47 46 46 46 54 49 48 49 47 48 46 41 40 40 51 42 41 37 36 36 36 34 40 37 26 26 27 35 34 32 29 27 25 23 23 23 37 42 41 26 24 21 32 24 22 31 30 19 17 17 36 22 27 29 23 20 17 13 13 13 13 26 17 19 31 37 37 24 18 12 6 0 
79 74 74 75 75 73 72 75 73 69 69 69 72 77 72 72 64 71 68 64 63 63 70 72 64 66 64 62 68 61 64 63 63 62 57 59 57 56 55 55 54 52 50 49 49 52 55 53 51 50 48 46 46 46 58 53 51 52 50 51 50 42 40 40 55 40 43 39 36 36 36 34 37 42 28 27 26 31 39 37 33 31 28 23 23 23 42 47 47 30 28 25 37 29 26 37 35 22 18 17 41 18 32 34 28 25 22 14 13 13 11 20 11 13 37 43 43 30 24 18 12 6 0 
81 75 74 74 77 75 72 77 75 70 70 69 70 80 75 74 64 74 70 65 64 63 73 76 63 69 66 60 71 63 67 66 66 65 59 62 61 60 59 57 56 55 51 51 49 50 59 57 54 52 50 47 46 46 62 57 55 56 54 55 53 45 42 41 59 40 46 42 37 37 36 34 35 46 31 30 26 28 44 41 38 35 32 25 24 24 47 52 52 35 33 29 42 34 30 42 40 27 21 19 47 17 37 40 33 30 27 17 15 14 11 15 5 7 43 49 49 36 30 24 18 12 6 0 
86 78 74 74 81 78 73 82 80 73 72 71 69 85 81 80 66 79 75 68 67 65 79 82 62 74 71 59 77 68 73 72 71 71 64 69 67 66 65 63 62 60 55 55 50 49 65 63 60 58 56 50 49 49 69 64 62 63 61 63 60 50 46 44 67 40 52 48 42 40 39 36 33 55 37 36 29 26 53 50 47 43 40 31 29 28 56 62 61 44 41 38 52 42 39 51 49 35 28 26 56 18 46 49 43 40 36 25 23 21 17 10 5 4 53 59 59 46 40 34 28 22 16 10 0 
87 79 74 74 82 79 74 84 81 74 73 72 69 87 83 82 67 81 77 70 68 66 80 84 62 76 73 59 79 70 75 74 73 73 65 71 70 68 67 65 64 62 57 56 51 49 67 65 62 60 57 52 50 50 71 66 64 66 63 65 63 52 47 46 69 41 54 50 43 42 41 38 33 58 39 38 31 26 55 53 49 46 42 33 31 30 59 65 64 47 44 40 55 45 42 54 52 38 31 28 59 20 49 52 45 43 39 28 25 23 20 10 8 6 56 62 62 49 43 37 31 25 19 13 3 0 
88 80 75 74 83 80 74 85 82 75 74 73 69 88 84 83 67 82 78 71 69 66 82 85 62 77 74 59 81 71 77 75 75 74 66 72 71 70 68 67 65 63 58 57 52 49 69 67 64 61 59 53 51 50 73 68 66 67 65 67 64 53 48 47 71 42 55 51 45 43 42 38 33 59 41 39 32 26 57 55 51 47 44 35 33 31 61 67 66 48 46 42 56 47 43 56 54 39 32 30 61 21 51 54 47 44 41 29 27 25 21 10 10 8 58 64 64 51 45 39 33 27 21 15 5 2 0 
78 81 88 92 76 78 83 73 73 76 77 78 90 73 69 68 75 67 67 70 71 74 66 66 83 63 63 82 63 61 60 60 60 60 62 53 53 53 53 53 53 54 57 58 63 73 50 50 50 51 52 56 58 59 50 46 46 45 45 44 44 47 51 52 44 60 45 43 48 50 51 51 63 30 37 38 46 59 27 27 28 29 31 38 40 41 27 26 25 24 25 28 22 24 26 21 21 27 33 35 21 46 20 17 18 20 22 31 34 36 38 52 44 46 8 11 11 5 9 15 21 27 33 39 49 52 54 0 
79 82 89 93 77 79 84 74 74 77 78 79 91 74 70 69 76 68 68 71 72 75 67 67 84 64 64 83 64 62 61 61 61 61 63 54 54 54 54 54 54 55 58 59 64 74 51 51 51 52 53 57 59 60 51 47 47 46 46 45 45 48 51 53 45 60 46 44 49 50 52 52 63 31 38 39 46 59 28 28 29 30 32 38 41 42 28 26 26 25 26 28 23 25 26 22 22 28 34 36 22 46 21 18 19 21 23 32 34 36 38 53 44 46 8 12 11 5 10 15 21 27 33 39 49 52 54 1 0 
80 83 89 94 78 80 85 75 75 78 79 80 92 75 71 70 76 69 69 72 73 76 68 68 85 65 65 84 65 63 62 62 62 62 64 55 55 55 55 55 55 56 59 60 65 75 52 52 52 53 54 58 60 61 52 48 48 47 47 46 46 49 52 54 46 61 47 45 49 51 52 53 64 32 38 40 47 60 29 29 30 31 33 39 41 43 29 27 26 26 27 29 24 26 27 23 23 29 34 37 23 47 22 19 20 21 24 33 35 37 38 53 44 46 9 12 12 6 10 16 21 27 33 39 49 52 54 2 1 0 
86 81 80 81 82 80 78 82 80 76 75 75 76 84 80 79 70 78 75 70 70 69 77 79 69 73 71 67 75 68 71 70 70 69 64 66 65 64 63 62 61 60 57 56 55 56 62 61 59 57 55 52 52 52 65 60 58 59 58 59 57 49 47 46 62 46 50 46 43 42 42 40 41 48 35 34 32 34 46 43 41 38 35 30 29 29 49 53 53 37 35 32 44 36 33 43 41 29 25 24 47 23 38 40 34 32 29 21 20 19 17 21 11 12 41 47 47 34 28 22 17 11 7 6 13 16 18 37 37 37 0 
87 81 80 80 83 81 78 83 81 76 76 75 76 85 81 80 70 79 76 71 70 69 78 81 68 74 72 66 77 69 73 72 71 71 65 68 66 65 64 63 62 61 57 57 55 56 64 62 60 58 56 53 52 52 67 62 60 61 59 60 59 50 48 47 64 46 51 47 43 43 42 40 40 51 36 35 32 33 48 46 43 40 37 31 30 30 51 56 55 39 37 34 46 38 35 46 44 31 26 25 50 23 41 43 37 34 31 23 21 20 17 19 9 10 44 50 50 37 31 25 19 14 9 6 10 13 15 40 40 40 3 0 
90 83 80 80 86 83 79 87 85 79 78 77 75 90 85 84 71 84 80 74 73 70 83 86 68 79 76 65 82 73 77 76 76 75 68 73 71 70 69 68 66 65 60 60 56 55 69 67 65 62 60 56 55 54 72 67 65 67 65 66 64 54 50 49 70 46 56 52 46 45 44 42 39 57 41 40 34 32 55 52 49 46 43 35 34 33 58 63 63 46 43 40 53 44 41 53 51 37 31 29 57 24 48 50 44 41 38 28 26 24 21 16 9 9 52 58 58 45 39 33 27 21 16 10 6 7 8 48 48 48 11 8 0 
92 84 80 80 87 84 79 89 86 80 79 77 75 91 87 86 72 85 81 75 74 71 85 88 68 80 77 65 83 74 79 78 77 77 70 75 73 72 71 69 68 66 62 61 57 55 71 69 66 64 62 57 56 55 74 70 67 69 67 68 66 56 52 50 72 47 58 54 48 46 46 43 39 60 43 41 35 32 57 55 51 48 45 37 35 34 61 66 65 48 46 43 56 47 44 55 54 40 33 31 60 25 50 53 47 44 40 30 28 26 23 16 11 10 55 61 61 48 42 36 30 24 18 13 6 6 6 51 51 51 14 11 3 0 
81 84 90 95 79 81 86 76 76 79 80 81 93 76 72 71 77 70 70 73 74 76 69 69 85 66 66 85 66 64 63 63 63 63 65 56 56 56 56 56 56 57 60 60 66 75 53 53 53 54 55 59 60 61 53 49 49 48 48 47 47 50 53 55 47 62 48 46 50 52 53 53 64 33 39 40 48 60 30 30 31 32 34 40 42 43 30 28 27 27 28 30 25 26 28 24 24 30 35 37 24 47 23 20 21 22 25 33 36 37 39 53 45 47 10 13 12 7 11 16 22 27 33 39 49 52 54 3 2 1 37 40 48 51 0 
84 86 92 96 82 83 87 79 79 81 82 83 94 79 75 74 79 73 73 75 75 78 72 72 86 69 69 85 69 67 66 66 66 66 67 59 59 59 59 59 59 59 61 62 67 76 56 56 56 56 57 60 62 63 56 52 52 51 51 50 50 52 55 56 50 62 50 48 51 53 54 54 64 36 40 41 48 60 33 33 33 34 35 40 42 43 33 32 31 29 30 31 28 28 30 27 27 30 35 37 28 46 26 23 23 24 25 33 35 37 38 52 43 44 14 17 17 10 11 15 20 26 31 37 47 50 51 6 5 5 34 37 45 48 4 0 
84 85 89 93 82 82 85 79 79 80 80 81 90 79 75 74 77 73 73 73 74 76 72 73 83 69 69 82 69 67 66 66 66 66 66 59 59 59 59 59 59 59 60 60 64 72 56 56 56 56 56 58 59 60 57 52 52 51 51 50 50 50 52 53 51 59 49 46 49 50 51 51 60 37 38 39 44 55 33 33 33 33 33 37 39 40 35 35 34 29 29 29 29 28 28 28 27 28 31 33 30 41 26 24 23 23 23 29 31 32 33 46 37 39 18 22 21 11 10 11 15 20 26 31 41 44 46 10 10 9 28 31 39 42 9 6 0 
84 84 87 91 82 82 84 79 79 79 79 80 88 80 76 75 75 74 73 73 73 74 73 74 80 70 69 79 71 67 67 67 66 66 66 60 60 60 59 59 59 59 59 59 62 69 57 56 56 56 56 57 57 58 58 54 53 53 52 52 51 50 51 51 53 56 49 46 47 48 49 48 56 39 36 37 41 50 35 34 33 33 33 35 36 37 37 39 38 29 29 29 31 28 28 30 29 27 29 30 33 37 27 26 24 23 23 25 27 28 29 41 31 33 23 27 27 15 11 10 11 15 20 26 35 38 40 16 15 15 22 25 33 36 15 12 6 0 
85 84 86 88 82 82 83 81 80 79 79 79 85 82 77 76 74 75 74 73 73 73 75 76 78 71 70 76 72 67 68 68 68 67 66 62 61 61 60 60 60 59 59 59 60 66 59 58 57 56 56 56 56 57 60 56 55 55 54 54 53 50 50 50 56 53 49 46 46 46 47 46 52 41 36 36 38 46 38 37 35 34 33 33 34 34 40 43 42 31 30 29 35 30 28 34 33 27 27 28 37 33 30 30 26 25 23 23 24 25 25 36 26 28 28 33 32 20 15 11 10 11 15 20 29 32 34 21 21 21 16 19 27 30 21 18 12 6 0 
86 84 85 87 83 82 82 82 81 79 79 79 83 84 79 78 74 77 75 73 73 73 76 78 75 73 71 74 74 68 70 70 69 69 66 64 64 63 62 61 61 60 59 59 59 63 61 60 58 57 56 56 56 56 63 58 57 57 56 56 55 50 50 50 59 51 50 47 46 46 46 44 49 45 36 36 36 43 42 40 38 36 34 33 33 33 44 47 47 34 32 31 38 32 30 38 36 28 27 27 41 30 34 34 29 28 25 23 23 23 22 31 21 23 33 38 38 26 20 15 11 10 11 15 24 26 28 27 27 27 10 13 21 24 27 24 18 12 6 0 
88 84 84 85 84 83 82 84 82 79 79 79 81 86 81 81 74 80 77 73 73 73 79 81 74 75 73 72 77 70 73 72 72 71 67 67 66 65 64 64 63 62 60 59 59 61 64 62 60 59 58 56 56 56 66 61 60 60 59 59 58 52 50 50 62 50 52 48 46 46 46 44 46 48 37 37 36 40 45 43 41 39 37 33 33 33 48 52 51 37 35 33 43 36 33 42 41 30 27 27 46 28 38 39 33 31 29 23 23 23 21 26 17 18 39 44 44 31 26 20 15 11 10 11 18 21 23 33 33 33 5 8 15 18 33 30 24 18 12 6 0 
94 87 84 84 90 87 83 91 89 83 82 81 79 94 89 88 75 87 84 78 77 74 87 90 72 82 80 69 85 77 81 80 79 79 72 76 75 74 73 71 70 69 64 64 60 59 73 71 68 66 64 60 59 58 76 71 69 70 68 70 67 58 55 53 73 50 60 56 50 49 49 46 43 60 45 43 38 36 58 55 52 49 46 39 38 37 61 66 65 49 47 43 56 48 44 55 54 41 35 33 60 28 51 53 47 44 41 31 29 28 25 20 13 13 54 60 60 47 41 35 29 24 18 14 10 10 11 49 49 49 12 9 4 4 49 46 40 34 28 22 16 0 
96 88 84 84 91 88 83 92 90 84 83 82 79 95 91 90 76 89 85 79 78 75 88 91 72 84 81 69 87 78 83 82 81 81 74 78 77 76 74 73 72 70 66 65 61 59 75 73 70 68 66 61 60 59 78 73 71 72 70 72 70 60 56 55 75 51 62 57 52 50 50 47 43 63 46 45 39 36 60 58 55 51 48 41 39 38 64 68 68 51 49 46 59 50 47 58 56 43 37 35 63 29 53 55 49 47 43 33 31 30 27 20 15 14 57 63 62 50 44 38 32 26 21 16 10 10 10 52 52 52 15 12 5 4 52 49 43 37 31 25 19 3 0 
97 89 85 84 92 89 84 94 91 84 83 82 79 96 92 91 77 90 86 80 78 76 90 93 72 85 82 69 88 79 84 83 82 82 75 79 78 77 76 74 73 71 67 66 61 59 76 74 71 69 67 62 60 60 79 74 72 74 72 73 71 61 57 55 77 51 63 59 53 51 50 47 43 64 48 46 40 36 62 59 56 53 50 42 40 39 65 70 70 53 51 47 60 52 48 60 58 45 38 36 64 29 55 57 51 48 45 35 33 31 28 20 16 15 59 65 64 51 46 40 34 28 23 18 11 10 10 54 54 54 17 14 7 5 54 51 45 39 33 27 21 5 2 0 
86 90 97 101 85 86 92 81 81 85 86 87 99 81 77 76 84 75 75 79 80 83 74 74 92 71 72 91 71 70 68 68 68 68 71 61 61 61 61 62 62 63 66 67 72 82 58 58 59 60 61 65 67 68 58 54 54 53 53 52 52 56 60 61 52 68 54 52 57 58 60 60 71 38 46 47 54 66 35 35 37 38 40 46 48 50 35 32 31 33 34 36 30 33 34 29 29 36 41 43 29 53 29 25 27 29 31 39 42 43 45 59 50 52 15 15 14 13 17 22 27 33 38 44 54 57 59 8 8 7 41 44 52 55 6 7 13 19 25 31 37 53 56 58 0 
87 89 95 99 85 86 91 82 82 84 85 86 97 82 78 77 83 76 76 78 79 82 75 75 90 72 72 89 72 70 69 69 69 69 71 62 62 62 62 62 62 63 65 66 70 79 59 59 59 60 61 64 65 66 59 55 55 54 54 53 53 55 58 59 53 66 53 51 55 56 57 58 67 39 44 45 51 63 36 36 36 37 39 44 46 47 36 34 33 32 33 35 31 32 33 30 30 34 39 41 30 50 29 26 26 27 29 36 38 40 41 55 45 47 16 18 17 13 15 19 23 29 34 40 49 52 54 9 8 7 36 39 47 50 6 3 8 14 20 26 32 48 51 53 5 0 
87 89 94 98 85 86 90 82 82 84 85 86 96 82 78 77 82 76 76 78 78 81 75 75 89 72 72 88 72 70 69 69 69 69 70 62 62 62 62 62 62 62 64 65 69 78 59 59 59 59 60 63 64 65 59 55 55 54 54 53 53 55 57 59 53 65 53 50 54 55 56 56 66 39 43 44 50 61 36 36 36 37 38 43 45 46 36 35 34 32 33 34 31 31 32 30 30 33 37 39 31 48 29 26 26 27 28 35 37 38 40 53 44 45 17 19 19 13 14 17 22 27 32 38 47 50 52 9 8 7 34 37 45 48 6 3 6 12 18 24 30 46 49 51 7 2 0 
87 88 94 97 85 85 89 82 82 83 84 85 95 82 78 77 81 76 76 77 78 80 75 75 87 72 72 87 72 70 69 69 69 69 70 62 62 62 62 62 62 62 64 64 68 77 59 59 59 59 60 62 64 64 59 55 55 54 54 53 53 54 57 58 53 64 52 50 53 55 55 55 65 39 42 43 49 60 36 36 36 36 37 42 43 45 36 36 35 32 32 33 31 31 32 30 30 32 36 38 31 46 29 26 26 26 27 34 36 37 38 51 42 44 18 21 20 13 13 16 20 25 30 36 45 48 50 10 9 8 32 35 43 46 7 3 5 10 16 22 28 44 47 49 9 4 2 0 
87 88 93 97 85 85 89 82 82 83 84 85 94 82 78 77 80 76 76 77 77 80 75 75 86 72 72 85 72 70 69 69 69 69 69 62 62 62 62 62 62 62 63 64 68 76 59 59 59 59 59 62 63 64 59 55 55 54 54 53 53 54 56 57 54 62 52 50 52 54 55 54 63 39 41 42 48 58 36 36 36 36 37 41 42 43 37 37 36 32 32 33 31 31 31 30 30 31 35 37 32 45 29 26 26 26 27 32 34 36 36 49 40 42 19 22 22 13 13 15 19 23 29 34 43 46 48 11 10 9 30 33 41 44 9 5 3 8 14 20 26 42 45 47 11 6 4 2 0 
87 88 92 96 85 85 88 82 82 83 83 84 93 82 78 77 80 76 76 76 77 79 75 76 85 72 72 84 72 70 69 69 69 69 69 62 62 62 62 62 62 62 63 63 67 74 59 59 59 59 59 61 62 63 60 55 55 54 54 53 53 53 55 56 54 61 52 49 52 53 54 53 62 40 41 41 46 57 36 36 36 36 36 40 41 42 37 38 37 32 32 32 32 31 31 31 30 31 34 36 33 43 29 27 26 26 26 31 33 34 35 47 38 40 20 24 23 14 13 14 17 22 27 32 42 44 46 12 12 11 28 31 39 42 10 6 3 6 12 18 24 40 43 45 13 8 6 4 2 0 
87 87 92 95 85 85 88 82 82 82 83 84 92 83 78 77 79 76 76 76 77 78 75 76 85 72 72 83 73 70 69 69 69 69 69 62 62 62 62 62 62 62 62 63 66 73 59 59 59 59 59 61 61 62 60 56 55 55 54 54 53 53 55 55 55 60 52 49 51 52 53 52 60 40 40 41 45 55 37 36 36 36 36 39 40 41 38 39 38 32 32 32 32 31 31 31 31 30 33 34 34 42 29 27 26 26 26 30 32 33 33 46 36 38 21 25 25 15 13 13 16 20 25 30 40 43 44 14 13 13 26 29 37 40 12 8 3 5 10 16 22 38 41 43 15 10 8 6 4 2 0 
87 87 91 94 85 85 87 82 82 82 83 83 91 83 79 78 79 77 76 76 76 78 76 77 84 72 72 82 73 70 70 69 69 69 69 63 62 62 62 62 62 62 62 62 65 72 60 59 59 59 59 60 61 61 61 56 55 55 54 54 53 53 54 55 55 59 52 49 50 51 52 51 59 41 40 40 44 54 37 37 36 36 36 38 39 40 39 40 39 32 32 32 33 31 31 32 31 30 32 34 34 41 30 28 26 26 26 29 31 32 32 44 34 36 23 27 26 16 13 13 15 19 23 29 38 41 43 15 15 14 25 27 35 38 14 10 5 3 8 14 20 36 39 41 17 12 10 8 6 4 2 0 
87 87 90 93 85 85 87 82 82 82 82 83 90 83 79 78 78 77 76 76 76 77 76 77 83 72 72 81 73 70 70 70 69 69 69 63 63 62 62 62 62 62 62 62 65 71 60 59 59 59 59 60 60 61 61 57 56 56 55 55 54 53 54 54 56 59 52 49 50 51 51 51 58 41 39 40 43 53 38 37 36 36 36 37 39 39 40 41 40 32 32 32 34 31 31 33 32 30 31 33 36 39 30 29 26 26 26 28 30 31 31 42 33 34 24 29 28 17 14 13 14 17 22 27 36 39 41 17 17 16 23 25 33 36 16 12 6 3 6 12 18 34 37 39 19 14 12 10 8 6 4 2 0 
87 87 90 93 85 85 86 83 82 82 82 83 89 84 79 78 78 77 76 76 76 77 76 78 82 73 72 80 74 70 70 70 70 70 69 64 63 63 62 62 62 62 62 62 64 70 60 60 59 59 59 59 60 60 62 57 56 56 55 55 54 53 53 54 57 58 52 49 50 50 51 50 57 42 39 39 42 51 39 38 37 36 36 37 38 39 41 42 41 32 32 32 35 31 31 34 33 30 31 32 37 38 31 30 27 26 26 27 29 30 30 41 31 33 26 30 30 19 15 13 13 16 20 25 34 37 39 19 18 18 21 24 31 34 18 14 8 3 5 10 16 32 35 37 21 16 14 12 10 8 6 4 2 0 
88 87 89 92 85 85 86 83 82 82 82 82 89 84 80 79 78 78 76 76 76 77 77 78 81 73 72 80 75 70 71 70 70 70 69 64 64 63 63 62 62 62 62 62 64 69 61 60 59 59 59 59 60 60 62 58 57 57 56 56 55 53 53 53 58 57 52 49 49 50 50 49 56 43 39 39 42 50 40 39 37 36 36 36 37 38 42 43 43 33 32 32 36 32 31 35 34 30 30 31 38 37 32 31 28 27 26 27 28 29 28 39 29 31 28 32 32 20 16 13 13 15 19 23 32 35 37 21 20 20 19 22 29 32 19 16 10 5 3 8 14 30 33 35 23 18 16 14 12 10 8 6 4 2 0 
88 87 89 91 85 85 85 83 83 82 82 82 88 85 80 79 77 78 77 76 76 76 77 79 80 74 73 79 75 70 71 71 71 70 69 65 64 64 63 63 62 62 62 62 63 68 61 61 60 59 59 59 59 60 63 58 57 57 56 57 55 53 53 53 59 56 52 49 49 49 50 49 54 44 39 39 41 49 41 39 38 37 36 36 37 37 43 45 44 34 33 32 37 32 31 36 35 30 30 31 39 36 33 32 29 27 26 26 27 28 27 37 28 29 29 34 34 22 17 14 13 14 17 22 30 33 35 22 22 22 17 20 27 30 21 18 12 6 3 6 12 28 31 33 25 20 18 16 14 12 10 8 6 4 2 0 
88 87 88 91 85 85 85 84 83 82 82 82 87 85 81 80 77 79 77 76 76 76 78 80 80 74 73 78 76 71 72 71 71 71 69 66 65 64 64 63 63 62 62 62 63 68 62 61 60 59 59 59 59 59 64 59 58 58 57 57 56 53 53 53 59 55 52 49 49 49 49 48 53 45 39 39 40 48 42 40 39 37 36 36 36 37 44 46 45 34 33 32 38 33 32 37 36 30 30 30 41 34 34 34 30 28 27 26 26 27 26 36 26 28 31 36 35 23 19 15 13 13 16 20 29 31 33 24 24 24 15 18 25 28 23 20 14 8 3 5 10 26 29 31 27 22 20 18 16 14 12 10 8 6 4 2 0 
89 87 88 90 86 85 85 84 83 82 82 82 86 86 81 80 77 80 78 76 76 76 79 80 79 75 73 77 76 71 73 72 72 71 69 66 66 65 64 64 63 63 62 62 62 67 63 62 61 60 59 59 59 59 65 60 59 59 58 58 57 53 53 53 60 55 53 49 49 49 49 48 52 46 39 39 40 46 43 41 39 38 37 36 36 36 45 48 47 35 34 33 39 34 32 39 37 30 30 30 42 34 35 35 31 29 27 26 26 26 26 34 24 26 33 38 37 25 20 16 13 13 15 19 27 29 31 26 26 25 13 16 24 26 25 22 16 10 5 3 8 24 27 29 29 24 22 20 18 16 14 12 10 8 6 4 2 0 
89 87 88 89 86 85 85 85 84 82 82 82 86 86 82 81 77 80 78 76 76 76 79 81 78 75 74 76 77 71 73 73 72 72 69 67 66 66 65 64 64 63 62 62 62 66 64 62 61 60 59 59 59 59 66 61 60 60 59 59 58 53 53 53 61 54 53 50 49 49 49 47 51 47 39 39 39 45 44 42 40 39 37 36 36 36 46 49 48 36 35 33 41 35 33 40 39 31 30 30 43 33 36 36 32 30 28 26 26 26 25 33 23 24 34 39 39 27 22 17 14 13 14 17 25 28 29 28 28 27 12 14 22 25 27 24 18 12 6 3 6 22 25 27 31 26 24 22 20 18 16 14 12 10 8 6 4 2 0 
90 87 87 89 86 85 85 86 84 82 82 82 85 87 83 82 77 81 79 76 76 76 80 82 78 76 75 76 78 72 74 73 73 73 69 68 67 66 66 65 64 64 62 62 62 65 64 63 62 61 60 59 59 59 67 62 60 61 59 60 59 54 53 53 62 54 54 50 49 49 49 47 50 48 39 39 39 44 45 43 41 39 38 36 36 36 48 51 50 37 36 34 42 36 34 41 40 31 30 30 45 32 37 38 33 31 29 26 26 26 24 31 21 23 36 41 41 29 23 19 15 13 13 16 23 26 28 30 30 29 10 13 20 23 29 26 20 14 8 3 5 20 23 25 33 28 26 24 22 20 18 16 14 12 10 8 6 4 2 0 
90 87 87 89 87 85 85 86 85 82 82 82 85 88 83 83 77 82 79 76 76 76 81 83 77 77 75 75 79 72 75 74 74 73 70 69 68 67 66 66 65 64 62 62 62 65 65 64 62 61 60 59 59 59 68 63 61 62 60 61 59 54 53 53 64 53 54 50 49 49 49 47 50 49 40 39 39 43 46 45 42 40 39 36 36 36 49 52 52 38 37 35 43 37 35 43 41 32 30 30 46 31 38 39 34 32 30 26 26 26 24 30 20 21 38 43 43 30 25 20 16 13 13 15 22 24 26 32 32 31 9 11 18 21 31 28 22 16 10 5 3 18 21 23 35 30 28 26 24 22 20 18 16 14 12 10 8 6 4 2 0 
91 87 87 88 87 86 85 86 85 82 82 82 84 88 84 83 77 82 80 76 76 76 81 83 77 77 75 75 79 73 75 74 74 74 70 69 68 68 67 66 65 64 62 62 62 64 66 64 63 61 60 59 59 59 68 63 62 62 61 61 60 54 53 53 64 53 55 51 49 49 49 47 49 50 40 39 39 43 47 45 43 41 39 36 36 36 50 53 52 39 37 35 44 38 35 43 42 33 30 30 47 31 39 40 35 33 31 26 26 26 24 29 20 21 39 44 44 31 26 21 17 13 13 14 21 23 25 33 32 32 8 10 17 20 32 29 23 17 11 5 3 17 20 22 36 31 29 27 25 23 21 19 17 15 13 11 9 7 5 3 1 0 
91 87 87 88 88 86 85 87 86 82 82 82 84 89 85 84 77 83 80 77 76 76 82 84 76 78 76 74 80 73 76 75 75 74 70 70 69 68 68 67 66 65 63 62 62 64 67 65 64 62 61 59 59 59 69 64 63 63 62 62 61 55 53 53 65 53 55 51 49 49 49 47 49 51 40 40 39 42 48 46 44 42 40 36 36 36 51 55 54 40 38 36 46 39 36 45 43 34 31 30 49 30 41 42 36 34 32 26 26 26 24 28 18 20 41 46 46 33 28 23 18 14 13 13 19 22 23 35 34 34 7 9 15 18 34 31 25 19 13 7 3 15 18 20 38 33 31 29 27 25 23 21 19 17 15 13 11 9 7 5 3 2 0 
92 87 87 88 88 86 85 88 86 82 82 82 84 89 85 84 77 83 80 77 76 76 82 85 76 78 76 74 80 74 76 76 75 75 71 71 70 69 68 67 66 65 63 62 62 64 67 66 64 62 61 59 59 59 70 65 63 64 62 63 61 55 53 53 66 53 56 52 49 49 49 47 48 52 41 40 39 42 49 47 45 42 40 36 36 36 52 55 55 41 39 37 46 39 37 46 44 34 31 30 50 30 41 42 37 35 32 27 26 26 24 28 18 19 42 47 47 34 29 23 19 15 13 13 19 21 23 36 35 35 7 8 14 17 35 32 26 20 14 8 3 14 17 19 39 34 32 30 28 26 24 22 20 18 16 14 12 10 8 6 4 3 1 0 
94 96 102 106 92 93 98 89 89 91 92 93 104 89 85 84 89 83 83 85 86 88 82 82 96 79 79 95 79 77 76 76 76 76 78 69 69 69 69 69 69 70 72 73 77 85 66 66 66 67 68 71 72 73 66 62 62 61 61 60 60 62 65 66 60 72 60 58 62 63 64 64 73 46 50 51 57 68 43 43 43 44 45 50 52 53 43 41 40 40 40 42 38 39 40 37 37 41 45 47 37 55 36 33 33 34 36 42 44 45 46 59 49 51 23 24 23 20 21 25 29 33 38 43 52 55 57 16 15 14 39 42 50 52 13 10 13 18 23 28 34 50 52 54 8 7 7 8 9 11 13 14 16 18 20 22 24 25 27 29 31 32 34 35 0 
94 94 98 102 92 92 95 89 89 89 90 91 99 89 85 84 86 83 83 83 84 85 82 83 91 79 79 90 79 77 76 76 76 76 76 69 69 69 69 69 69 69 70 70 73 80 66 66 66 66 66 68 68 69 67 62 62 61 61 60 60 60 62 62 61 67 59 56 58 59 60 59 67 47 47 48 52 61 43 43 43 43 43 46 47 48 44 44 43 39 39 39 39 38 38 38 37 37 40 41 39 48 36 34 33 33 33 37 38 39 39 50 41 42 26 29 29 21 20 20 22 26 30 35 43 46 48 18 18 17 30 33 40 43 16 12 10 11 14 19 25 40 43 45 16 11 9 8 7 7 7 7 8 9 11 13 14 16 18 20 22 23 25 25 10 0 
94 94 98 101 92 92 94 89 89 89 90 90 98 90 85 84 86 83 83 83 83 85 82 83 90 79 79 89 80 77 76 76 76 76 76 70 69 69 69 69 69 69 69 70 72 79 66 66 66 66 66 67 68 68 67 63 62 62 61 61 60 60 61 62 62 66 59 56 57 58 59 58 65 47 47 47 51 60 44 43 43 43 43 45 46 47 45 45 44 39 39 39 39 38 38 38 38 37 39 40 40 47 36 34 33 33 33 36 37 38 38 49 39 41 28 31 30 21 20 20 21 25 29 33 42 44 46 20 19 18 28 31 38 41 17 13 10 10 13 18 23 38 41 43 17 13 11 9 8 7 7 7 7 8 9 11 13 14 16 18 20 21 23 24 12 2 0 
95 94 95 97 92 92 92 91 90 89 89 89 93 92 88 87 84 86 84 83 83 83 85 86 86 81 80 84 83 78 79 78 78 78 76 73 72 71 71 70 70 69 69 69 69 74 69 68 67 66 66 66 66 66 71 66 65 65 64 64 63 60 60 60 66 62 59 56 56 56 56 55 59 51 46 46 47 53 48 47 45 44 43 43 43 43 50 52 51 41 40 39 44 40 39 44 43 37 37 37 47 40 40 40 36 35 34 33 33 33 32 40 30 31 36 40 39 29 25 21 20 20 21 25 32 34 36 28 28 27 19 21 27 30 27 23 18 13 10 10 13 26 29 31 29 24 22 20 18 16 14 13 11 9 8 7 7 7 7 8 9 10 12 13 24 14 12 0 
96 94 95 97 93 92 92 91 90 89 89 89 93 93 88 87 84 86 84 83 83 83 85 87 86 82 80 84 83 78 79 79 78 78 76 73 72 72 71 71 70 70 69 69 69 73 69 68 67 67 66 66 66 66 71 66 65 65 64 65 63 60 60 60 67 62 60 56 56 56 56 54 59 52 46 46 47 52 49 47 46 44 43 43 43 43 51 53 52 42 41 40 45 40 39 44 43 37 37 37 47 40 41 40 37 35 34 33 33 33 32 39 29 31 37 41 40 29 25 22 20 20 21 24 31 33 35 29 29 28 18 20 26 29 28 24 18 14 10 10 12 26 28 30 30 25 23 21 19 17 15 13 12 10 9 8 7 7 7 8 9 9 11 12 25 15 13 1 0 
96 94 95 97 93 92 92 91 90 89 89 89 93 93 88 87 84 86 85 83 83 83 86 87 85 82 81 83 83 78 80 79 79 78 76 73 73 72 71 71 70 70 69 69 69 73 70 69 68 67 66 66 66 66 72 67 66 66 65 65 64 60 60 60 67 61 60 56 56 56 56 54 58 52 46 46 46 52 49 48 46 45 44 43 43 43 51 53 53 42 41 40 46 41 39 45 44 37 37 37 48 39 41 41 37 36 34 33 33 33 32 39 29 30 37 42 41 30 26 22 20 20 21 23 30 32 34 30 30 29 17 19 26 28 29 25 19 14 11 10 12 25 27 29 31 25 24 22 20 18 16 14 13 11 9 8 7 7 7 7 8 9 10 11 26 16 14 2 1 0 
101 95 94 94 97 95 92 97 95 91 90 89 89 99 94 93 84 93 90 85 84 83 92 94 82 88 86 79 90 83 86 85 84 84 79 80 79 78 77 76 76 74 71 71 69 69 77 75 73 72 70 67 67 66 79 74 73 74 72 73 71 64 62 61 76 60 65 61 57 57 56 54 53 62 50 49 46 46 59 57 54 52 50 45 44 44 62 65 65 51 49 46 56 49 47 55 54 44 40 39 59 37 51 52 47 45 42 36 35 34 31 31 23 23 51 56 56 43 38 33 29 25 21 20 21 22 23 44 44 44 14 14 15 16 43 40 34 28 23 18 13 12 14 15 46 41 39 37 35 33 31 29 27 25 24 22 20 18 16 14 13 12 10 9 42 32 30 18 17 16 0 
94 97 104 108 93 94 99 89 89 93 93 95 106 89 85 84 91 83 83 86 87 90 82 82 98 79 79 98 79 78 76 76 76 76 79 69 69 69 69 70 70 71 73 74 79 88 66 66 67 68 69 72 74 75 66 62 62 61 61 60 60 63 67 68 60 75 61 59 64 65 66 66 76 46 52 53 60 71 43 43 44 45 47 53 54 56 43 40 39 41 42 43 38 40 42 37 37 43 47 49 37 58 37 33 35 36 38 45 47 48 49 62 53 55 23 22 21 21 23 27 32 36 42 47 56 59 61 16 15 14 43 46 53 56 13 12 16 21 26 32 38 53 56 58 8 8 9 11 13 14 16 18 20 22 24 25 27 29 31 33 35 36 38 39 4 14 16 28 29 30 46 0 
97 99 104 108 95 96 100 92 92 94 95 96 106 92 88 87 92 86 86 88 89 91 85 85 98 82 82 97 82 80 79 79 79 79 80 72 72 72 72 72 72 72 75 75 79 87 69 69 69 70 70 73 74 75 69 65 65 64 64 63 63 65 67 68 63 74 63 61 64 65 66 66 75 49 53 54 59 70 46 46 46 47 48 52 54 55 46 44 43 42 43 44 41 41 43 40 40 43 47 48 40 56 39 36 36 37 38 44 46 47 48 59 50 51 26 27 26 23 24 26 30 34 39 44 53 55 57 19 18 17 39 42 49 52 16 13 15 19 23 29 34 49 52 54 12 10 10 10 11 12 14 15 17 18 20 22 24 26 27 29 31 32 34 35 3 9 11 23 24 25 41 5 0 
97 98 103 106 95 95 99 92 92 93 94 95 104 92 88 87 91 86 86 87 88 90 85 85 96 82 82 95 82 80 79 79 79 79 80 72 72 72 72 72 72 72 73 74 78 85 69 69 69 69 70 72 73 74 69 65 65 64 64 63 63 64 66 67 63 72 62 60 62 64 64 64 72 49 51 52 57 67 46 46 46 46 47 50 52 53 46 45 44 42 42 43 41 41 41 40 40 42 45 46 41 53 39 36 36 36 37 42 43 45 45 56 46 48 27 29 28 23 23 25 28 31 36 41 49 52 54 19 18 17 36 38 46 49 16 13 13 16 20 25 30 45 48 50 14 10 10 10 10 10 11 12 14 15 17 18 20 22 24 26 27 28 30 31 5 5 7 19 20 21 37 9 4 0 
97 97 100 103 95 95 96 92 92 92 92 93 99 93 89 88 88 87 86 86 86 87 86 87 92 82 82 90 83 80 80 79 79 79 79 73 73 72 72 72 72 72 72 72 74 80 70 69 69 69 69 70 70 71 71 66 66 65 65 64 64 63 63 64 66 68 62 59 60 60 61 60 66 51 49 49 52 60 48 47 46 46 46 47 48 49 49 49 48 42 42 42 43 41 41 42 42 40 41 42 44 47 40 38 36 36 36 37 39 39 39 48 38 40 32 35 34 25 23 23 23 25 29 33 41 43 45 24 23 22 27 30 37 39 21 17 14 13 14 17 22 36 39 41 21 17 15 14 12 11 10 10 10 10 10 11 12 14 15 17 18 19 21 22 15 5 4 9 10 11 27 19 14 10 0 
97 97 99 102 95 95 96 93 92 92 92 92 98 94 89 88 88 87 86 86 86 87 86 88 91 83 82 89 84 80 80 80 80 80 79 74 73 73 72 72 72 72 72 72 73 79 70 70 69 69 69 69 70 70 72 67 66 66 65 65 64 63 63 63 67 67 62 59 59 60 60 59 65 52 49 49 51 59 49 48 47 46 46 46 47 48 50 51 50 42 42 42 44 41 41 43 43 40 40 41 46 46 41 39 37 36 36 37 37 38 38 46 36 38 34 37 36 27 24 23 23 24 27 31 38 41 42 26 25 24 25 27 34 37 24 19 15 13 13 15 19 33 36 38 24 19 18 16 14 13 12 11 10 10 10 10 11 12 13 14 16 17 18 19 18 8 6 6 7 8 24 22 17 13 3 0 
98 97 99 101 95 95 96 93 92 92 92 92 98 94 90 89 87 88 86 86 86 86 87 88 90 83 82 88 84 80 81 80 80 80 79 74 74 73 73 72 72 72 72 72 73 78 71 70 69 69 69 69 69 70 72 68 67 67 66 66 65 63 63 63 67 66 62 59 59 59 60 58 64 52 49 49 51 57 49 48 47 46 46 46 47 47 51 52 51 43 42 42 45 42 41 44 43 40 40 41 47 45 41 40 37 37 36 36 37 37 37 45 35 36 35 39 38 28 25 23 23 24 26 29 37 39 41 27 26 26 24 26 32 35 25 21 17 13 13 14 18 31 34 36 26 21 19 18 16 14 13 12 11 10 10 10 10 11 12 13 14 15 17 18 20 10 8 5 5 6 22 24 19 15 5 2 0 
105 99 97 97 101 99 95 101 99 95 94 93 92 104 99 98 88 98 94 89 89 87 97 99 85 93 90 82 95 87 91 90 89 89 84 85 84 83 82 81 80 79 76 75 72 72 82 80 78 76 75 71 71 70 85 80 78 79 77 78 76 69 66 65 81 63 70 66 62 61 60 58 56 67 55 54 50 49 65 62 60 57 55 50 49 48 67 71 70 56 54 52 62 55 52 61 60 49 45 43 65 40 57 58 53 50 48 41 39 39 36 33 26 26 57 62 61 49 44 39 34 30 26 24 23 23 24 50 50 49 19 18 17 17 49 45 40 34 29 23 19 13 13 14 52 47 45 43 41 39 37 35 33 31 29 27 26 24 22 20 18 18 16 15 47 37 35 23 22 21 5 51 46 42 32 29 27 0 
106 100 97 97 102 100 96 103 101 95 95 94 92 105 101 100 88 99 96 90 89 87 98 101 85 94 92 82 97 89 92 91 91 90 85 87 86 85 84 83 82 80 77 76 73 72 84 82 80 78 76 72 71 71 87 82 80 81 79 80 78 70 67 66 83 63 71 67 63 62 61 58 56 70 56 55 51 49 67 65 62 59 57 51 50 49 70 73 73 58 56 54 64 57 54 64 62 51 46 45 68 41 59 60 55 53 50 42 41 40 37 33 26 26 59 65 64 52 47 41 37 32 28 25 23 23 23 53 53 52 21 19 17 17 52 48 43 37 31 26 21 13 13 13 55 50 48 46 44 42 40 38 36 34 32 30 28 26 25 23 21 20 18 18 50 40 38 26 25 24 8 54 49 45 35 32 30 3 0 
108 101 97 97 104 101 97 105 102 97 96 95 92 107 103 102 89 101 98 92 91 88 100 103 85 96 94 82 99 90 95 94 93 92 86 90 88 87 86 85 84 82 78 78 74 72 86 84 82 80 78 74 73 72 89 84 82 83 81 82 81 72 68 67 86 64 73 69 64 63 62 60 56 72 58 57 52 49 70 67 65 62 59 53 51 50 73 77 76 61 59 56 67 60 57 67 65 53 48 47 71 42 62 64 58 56 53 45 43 42 38 33 27 27 63 68 68 55 50 45 40 35 31 27 23 23 23 57 56 56 24 22 18 17 56 52 46 41 35 29 24 13 13 13 59 53 51 50 48 46 44 42 40 38 36 34 32 30 28 26 25 24 22 21 54 44 42 30 29 28 12 58 53 49 39 36 34 7 4 0 
102 104 109 113 100 101 105 97 97 99 100 101 111 97 93 92 97 91 91 93 94 96 90 90 103 87 87 102 87 85 84 84 84 84 85 77 77 77 77 77 77 78 80 80 84 92 74 74 74 75 75 78 79 80 74 70 70 69 69 68 68 70 72 73 68 79 68 66 69 70 71 71 79 54 58 59 64 74 51 51 51 52 53 57 59 60 51 49 48 47 48 49 46 47 48 45 45 48 51 53 45 60 44 41 41 42 43 49 50 52 52 63 53 55 31 31 30 28 29 31 35 38 43 48 56 59 60 24 23 22 43 45 52 55 21 18 20 23 27 32 37 52 55 56 16 15 15 15 16 17 18 19 21 22 24 25 27 29 30 32 34 35 37 38 8 12 14 25 26 27 42 8 5 7 15 18 20 47 50 54 0 
103 105 110 114 101 102 106 98 98 100 101 102 111 98 94 93 98 92 92 94 95 97 91 91 104 88 88 103 88 86 85 85 85 85 86 78 78 78 78 78 78 79 81 81 85 93 75 75 75 76 76 79 80 81 75 71 71 70 70 69 69 71 73 74 69 80 69 67 70 71 72 72 80 55 59 60 65 75 52 52 52 53 54 58 60 61 52 50 49 48 49 50 47 48 49 46 46 49 52 54 46 61 45 42 42 43 44 49 51 52 53 64 54 56 32 32 31 29 30 32 35 39 43 48 56 59 61 25 24 23 43 46 53 55 22 19 21 24 28 33 38 52 55 57 17 16 16 16 17 18 19 20 21 23 24 26 28 29 31 33 34 35 37 38 9 13 15 25 26 27 42 9 6 7 16 18 20 47 50 54 1 0 
103 104 108 112 101 101 104 98 98 99 100 100 109 98 94 93 96 92 92 93 93 95 91 91 101 88 88 100 88 86 85 85 85 85 85 78 78 78 78 78 78 78 79 80 83 90 75 75 75 75 75 77 78 79 75 71 71 70 70 69 69 70 71 72 69 77 68 65 68 69 70 69 76 55 57 57 62 71 52 52 52 52 52 56 57 58 52 51 50 48 48 49 47 47 47 46 46 47 50 51 47 57 45 42 42 42 42 46 48 49 49 59 49 51 33 34 34 29 29 30 32 35 39 43 51 54 56 25 24 23 38 41 47 50 22 19 19 21 24 28 33 47 49 51 19 16 16 16 16 16 16 17 18 19 20 21 23 24 26 28 29 30 32 33 10 9 10 20 21 21 37 13 7 6 10 13 15 41 44 48 6 6 0 
103 103 106 109 101 101 102 98 98 98 98 99 105 99 95 94 94 93 92 92 92 93 92 92 98 88 88 96 89 86 85 85 85 85 85 79 78 78 78 78 78 78 78 78 80 86 75 75 75 75 75 76 76 77 76 72 71 71 70 70 69 69 70 70 71 74 68 65 66 66 67 66 72 56 55 55 58 66 53 52 52 52 52 53 54 55 54 54 53 48 48 48 49 47 47 48 47 46 47 48 49 53 45 43 42 42 42 43 44 45 45 53 43 45 36 39 38 31 29 29 29 31 34 38 45 47 49 28 27 26 32 34 41 43 26 21 19 19 20 23 26 39 42 44 24 20 19 18 17 16 16 16 16 16 16 17 18 19 20 21 23 24 25 26 16 9 9 13 14 15 29 20 14 10 6 7 8 33 36 40 14 14 8 0 
103 103 105 108 101 101 102 98 98 98 98 98 104 99 95 94 94 93 92 92 92 93 92 93 97 89 88 95 90 86 86 86 85 85 85 79 79 79 78 78 78 78 78 78 80 85 76 75 75 75 75 75 76 76 77 73 72 72 71 71 70 69 69 70 72 73 68 65 65 66 66 65 70 57 55 55 57 64 54 53 52 52 52 52 53 54 55 55 55 48 48 48 49 47 47 49 48 46 46 47 50 51 46 44 42 42 42 43 43 44 43 51 41 43 38 41 40 32 30 29 29 30 33 36 43 45 47 30 29 28 30 32 38 41 27 23 20 19 19 21 24 37 39 41 27 22 21 20 18 17 17 16 16 16 16 16 17 17 18 20 21 21 23 24 19 11 10 11 12 12 26 22 17 13 6 6 6 30 33 37 17 17 11 3 0 
106 103 103 104 103 101 101 102 100 98 98 98 100 103 99 98 93 97 95 92 92 92 96 98 92 92 91 90 94 88 90 89 89 89 86 84 83 82 82 81 81 80 78 78 78 80 80 79 78 77 76 75 75 75 82 77 76 76 75 76 74 70 69 69 78 69 70 66 65 65 65 63 64 63 55 55 55 58 60 59 57 55 54 52 52 52 62 64 63 53 52 50 56 51 50 56 54 48 46 46 59 46 52 52 48 46 45 42 42 42 40 43 34 34 48 52 51 41 37 33 31 29 29 29 33 35 36 40 40 39 23 24 28 29 38 34 29 25 21 19 19 25 27 29 39 34 33 31 29 28 26 24 23 21 20 19 18 17 16 16 16 16 16 16 33 23 21 12 11 10 13 37 31 27 18 15 13 16 18 22 32 32 26 18 15 0 
110 105 103 103 106 104 101 106 104 100 99 99 98 108 104 103 93 102 99 95 94 92 101 103 91 97 95 88 99 92 95 94 94 93 89 90 89 88 87 86 85 84 81 80 78 78 86 85 83 81 80 77 76 76 89 84 82 83 81 82 80 74 71 70 85 69 74 70 67 66 66 63 62 71 59 58 55 55 68 66 63 61 59 55 54 53 70 73 73 60 58 56 65 58 56 64 62 53 49 48 67 46 60 60 55 54 51 45 44 43 41 39 32 32 58 63 62 51 46 41 37 34 31 29 29 29 30 51 51 50 24 23 23 23 50 46 40 35 30 26 22 19 20 21 51 46 44 43 41 39 37 35 34 32 30 28 27 25 24 22 21 20 19 18 45 36 34 22 21 21 9 49 44 40 30 27 25 6 7 10 45 45 39 31 28 13 0 
111 105 103 103 107 105 101 107 105 101 100 99 98 110 105 104 94 103 100 95 95 93 102 105 91 98 96 88 101 93 97 96 95 95 90 91 90 89 88 87 86 85 82 81 79 78 87 86 84 82 81 77 77 76 90 85 84 84 83 84 82 75 72 71 87 69 76 72 68 67 66 64 62 73 60 60 56 55 70 68 65 63 61 56 55 54 72 75 75 61 60 57 67 60 58 66 65 54 50 49 70 46 62 63 58 55 53 46 45 44 42 39 32 32 61 65 65 53 48 43 39 35 32 30 29 29 29 54 53 53 25 24 23 23 52 48 43 38 33 28 24 19 19 19 54 49 47 45 44 42 40 38 36 34 33 31 29 28 26 24 23 22 21 20 48 39 37 25 24 23 10 52 47 43 33 30 28 6 6 8 48 48 42 34 31 16 3 0 
104 106 111 114 102 103 106 99 99 101 101 102 111 99 95 94 98 93 93 94 95 97 92 92 104 89 89 103 89 87 86 86 86 86 87 79 79 79 79 79 79 79 81 82 85 92 76 76 76 76 77 80 80 81 76 72 72 71 71 70 70 71 74 75 70 80 70 67 70 71 72 72 79 56 59 60 65 74 53 53 53 53 54 58 59 60 53 51 50 49 50 50 48 48 49 47 47 49 52 54 47 61 46 43 43 43 44 49 51 52 52 63 53 55 33 34 33 30 30 32 35 39 43 47 55 58 60 26 25 24 42 44 51 54 23 20 21 23 27 32 36 51 53 55 18 17 17 17 17 18 19 20 21 22 24 25 27 28 30 31 33 34 36 37 10 12 14 24 25 26 41 11 7 7 14 17 19 45 48 52 2 2 4 12 15 30 43 46 0 
107 109 114 117 105 106 110 102 102 104 105 106 114 102 98 97 101 96 96 98 98 100 95 95 107 92 92 106 92 90 89 89 89 89 90 82 82 82 82 82 82 82 84 85 88 96 79 79 79 79 80 83 84 84 79 75 75 74 74 73 73 74 77 78 73 83 73 70 73 74 75 75 82 59 62 63 68 77 56 56 56 57 57 61 63 64 56 54 53 52 53 54 51 51 52 50 50 52 55 57 50 64 49 46 46 47 48 52 54 55 55 65 56 57 36 36 35 33 33 35 38 42 45 50 58 60 62 29 28 27 45 47 54 56 26 23 24 26 30 34 39 53 55 57 21 20 20 20 20 21 22 23 24 25 26 28 29 31 32 34 36 36 38 39 13 15 17 26 27 28 43 13 10 10 17 19 21 47 50 53 5 4 6 13 16 31 44 47 3 0 
107 108 112 116 105 105 108 102 102 103 104 105 113 102 98 97 100 96 96 97 97 99 95 95 105 92 92 104 92 90 89 89 89 89 89 82 82 82 82 82 82 82 83 84 87 94 79 79 79 79 79 82 82 83 79 75 75 74 74 73 73 74 75 76 73 81 72 70 72 73 74 73 80 59 61 61 66 74 56 56 56 56 57 60 61 62 56 55 54 52 52 53 51 51 51 50 50 51 54 55 50 61 49 46 46 46 47 50 52 53 53 62 53 54 37 38 37 33 33 34 36 39 43 47 55 57 59 29 28 27 41 44 50 53 26 23 23 25 28 31 36 49 52 54 22 20 20 20 20 20 20 21 22 23 24 25 26 28 29 31 32 33 35 36 13 13 14 23 23 24 39 15 10 10 14 16 18 43 46 50 7 6 4 9 12 27 40 43 4 4 0 
107 107 110 112 105 105 106 102 102 102 102 103 109 103 99 98 98 97 96 96 96 97 96 97 101 92 92 99 93 90 90 89 89 89 89 83 83 82 82 82 82 82 82 82 84 89 80 79 79 79 79 79 80 80 81 76 75 75 74 74 73 73 73 74 75 77 72 69 70 70 71 69 75 60 59 59 62 69 57 57 56 56 56 57 57 58 58 58 57 52 52 52 53 51 51 52 51 50 51 51 53 56 50 48 46 46 46 47 48 49 48 56 46 47 40 43 42 35 33 33 33 35 37 40 47 49 51 32 31 30 34 36 42 45 30 25 23 23 23 25 29 41 43 45 28 24 23 22 21 20 20 20 20 20 20 20 21 22 23 24 25 26 27 28 19 13 13 15 16 17 29 23 17 14 10 10 11 33 36 40 15 15 9 4 4 17 30 33 13 14 10 0 
107 107 109 111 105 105 106 103 102 102 102 102 108 103 99 98 98 97 96 96 96 97 96 97 100 93 92 98 94 90 90 90 90 89 89 83 83 83 82 82 82 82 82 82 83 88 80 80 79 79 79 79 79 80 81 77 76 76 75 75 74 73 73 73 76 76 72 69 69 70 70 69 73 61 59 59 61 67 58 57 56 56 56 56 57 57 59 59 59 52 52 52 54 51 51 53 52 50 50 51 55 55 50 49 47 46 46 46 47 48 47 54 44 45 42 44 44 36 34 33 33 34 36 39 45 47 48 34 33 32 33 34 40 42 31 27 24 23 23 24 27 38 41 42 30 26 25 23 22 21 21 20 20 20 20 20 20 21 21 22 23 24 25 26 22 15 14 14 14 15 27 25 19 16 10 10 10 30 33 37 18 18 12 5 4 14 27 30 16 17 13 3 0 
108 107 109 111 105 105 105 103 102 102 102 102 107 104 100 99 97 98 96 96 96 96 97 98 99 93 92 98 94 90 91 90 90 90 89 84 83 83 83 82 82 82 82 82 83 87 81 80 79 79 79 79 79 79 82 77 76 76 75 75 74 73 73 73 77 75 72 69 69 69 70 68 72 62 59 59 60 66 59 58 57 56 56 56 56 57 60 60 60 53 52 52 54 51 51 53 53 50 50 50 55 54 51 49 47 46 46 46 47 47 46 53 43 44 43 46 45 37 34 33 33 33 35 38 43 45 47 35 34 33 31 33 38 41 32 28 25 23 23 24 26 37 39 41 31 27 26 25 23 22 21 21 20 20 20 20 20 20 21 21 22 23 24 25 23 16 15 13 13 14 25 27 21 18 11 10 10 28 31 35 20 20 14 7 5 12 25 28 18 19 15 5 2 0 
110 109 110 112 107 107 107 106 105 104 104 104 108 107 102 101 99 100 99 98 98 98 99 101 100 96 95 98 97 92 93 93 93 92 91 87 86 86 85 85 85 84 84 84 84 88 83 83 82 81 81 81 81 81 85 80 79 79 78 78 77 75 75 75 80 76 74 71 71 71 71 69 73 65 61 61 61 66 62 61 60 59 58 58 58 58 63 64 63 56 55 54 58 54 53 57 56 52 52 52 59 54 54 53 50 49 48 48 48 48 47 52 42 43 47 50 49 40 38 36 35 35 36 38 43 44 46 39 38 37 31 33 37 39 36 32 29 26 25 25 26 35 37 39 36 31 30 29 27 26 25 24 23 23 22 22 22 22 22 22 23 23 24 24 28 20 19 15 15 15 23 31 25 22 15 13 12 25 28 32 25 24 18 11 9 10 21 24 22 23 19 9 6 4 0 
110 109 110 111 107 107 107 106 105 104 104 104 107 107 103 102 99 101 99 98 98 98 100 101 100 96 95 98 97 93 94 93 93 93 91 87 87 86 86 85 85 84 84 84 84 87 84 83 82 81 81 81 81 81 85 80 80 80 79 79 78 75 75 75 80 76 74 71 71 71 71 69 72 65 61 61 61 66 62 61 60 59 58 58 58 58 64 65 64 56 55 54 58 55 54 57 56 52 52 52 60 54 54 53 50 50 49 48 48 48 47 51 42 43 47 50 50 41 38 36 35 35 35 37 42 44 45 39 39 38 31 32 37 38 37 33 29 26 25 25 26 34 36 38 37 32 31 29 28 27 26 25 24 23 22 22 22 22 22 22 22 23 23 24 29 21 19 15 15 15 22 32 26 23 15 13 13 25 27 31 25 25 19 12 10 9 20 23 23 24 20 10 7 5 1 0 
111 109 110 111 108 107 107 106 105 104 104 104 107 107 103 102 99 101 99 98 98 98 100 101 100 96 95 98 98 93 94 93 93 93 91 87 87 86 86 85 85 85 84 84 84 87 84 83 82 82 81 81 81 81 86 81 80 80 79 79 78 75 75 75 81 76 74 71 71 71 71 69 72 66 61 61 61 65 63 62 60 59 58 58 58 58 64 65 64 56 55 54 59 55 54 58 57 52 52 52 60 54 55 54 51 50 49 48 48 48 46 51 42 42 48 51 50 41 38 36 35 35 35 37 41 43 44 40 39 38 31 32 36 38 38 33 30 27 25 25 25 33 36 37 37 33 31 30 29 27 26 25 24 23 23 22 22 22 22 22 22 22 23 23 30 21 20 15 15 15 21 33 27 24 16 14 13 24 26 30 26 26 20 13 10 8 19 22 24 25 21 11 8 6 2 1 0 
109 112 117 121 108 109 113 104 104 107 108 109 119 104 100 99 105 98 98 101 101 104 97 97 111 94 94 110 94 93 91 91 91 91 93 84 84 84 84 84 85 85 87 88 92 100 81 81 82 82 83 86 87 88 81 77 77 76 76 75 75 78 80 81 75 87 76 74 77 78 79 79 87 61 66 67 72 82 58 58 59 60 61 65 67 68 58 55 54 55 56 57 53 54 55 52 52 56 60 61 52 68 51 48 49 50 51 57 58 60 60 71 61 62 38 37 36 35 37 39 43 46 50 55 63 66 67 31 30 29 50 52 59 62 28 25 28 31 35 39 44 58 61 63 23 22 23 23 24 25 26 27 29 30 31 33 34 36 38 39 41 42 43 44 15 20 21 31 32 33 48 15 13 15 22 25 26 52 55 59 8 7 11 18 21 36 49 52 7 5 9 19 22 24 28 29 30 0 
116 111 110 110 112 110 108 112 110 106 106 105 105 113 109 108 100 107 105 101 100 99 106 108 98 102 100 95 104 98 100 99 99 99 95 94 93 93 92 91 90 89 87 86 85 85 91 89 88 86 85 83 82 82 93 88 87 87 86 86 85 79 77 77 89 76 80 76 73 72 72 70 69 74 65 64 62 62 71 70 68 66 64 60 60 59 74 76 75 64 62 60 68 62 60 67 66 58 55 54 70 53 63 63 59 57 55 51 50 50 47 46 39 39 60 64 63 53 48 45 41 39 37 36 36 37 37 52 52 51 30 30 30 31 51 46 42 37 33 30 27 26 27 28 51 47 45 43 41 40 38 37 35 33 32 31 29 28 27 26 25 25 24 24 44 35 34 24 23 22 16 48 43 39 29 27 25 13 15 17 42 42 36 28 25 12 7 9 40 41 37 27 24 22 18 17 16 46 0 
122 118 117 117 118 117 115 117 116 113 112 112 112 119 115 114 107 113 111 107 107 106 112 114 105 108 106 102 110 104 106 105 105 105 101 100 99 98 98 97 96 95 93 93 92 92 96 95 94 93 91 89 89 89 98 93 92 93 91 92 90 85 84 83 94 83 86 82 80 79 79 77 76 79 71 70 69 69 76 75 73 71 70 67 66 66 78 80 79 69 68 66 72 67 66 72 71 63 61 61 75 60 68 68 64 63 61 57 56 56 54 54 46 46 63 67 66 56 53 49 47 44 43 43 43 44 45 55 55 54 37 37 37 38 53 49 45 41 38 35 33 34 35 35 53 49 47 46 44 43 41 40 39 37 36 35 34 33 32 31 31 31 30 30 46 37 36 28 27 26 23 49 43 40 32 29 28 21 22 24 42 42 36 29 26 16 14 16 40 40 36 26 24 22 17 17 16 44 7 0 
122 118 117 117 119 117 115 118 117 113 113 112 112 120 115 114 107 114 111 108 107 106 113 115 105 109 107 102 111 104 107 106 106 105 101 101 100 99 98 98 97 96 94 93 92 92 97 96 94 93 92 90 89 89 99 94 93 93 92 93 91 86 84 84 95 83 86 82 80 79 79 77 76 80 71 71 69 69 77 76 74 72 70 67 67 66 79 81 80 70 68 67 74 68 67 73 72 64 62 61 76 60 69 69 65 64 62 57 57 56 54 53 46 46 65 68 68 58 54 50 47 45 43 43 43 44 44 57 56 55 37 37 37 38 55 51 46 42 39 36 34 33 34 35 55 50 49 47 46 44 43 41 40 39 37 36 35 34 33 32 31 31 31 30 47 39 37 29 28 28 23 51 45 42 33 31 29 20 21 23 44 44 38 31 28 17 14 15 42 42 38 28 26 24 19 18 17 46 7 2 0 
126 120 117 117 122 120 116 122 120 115 115 114 112 124 120 119 109 118 115 110 109 108 117 119 105 113 111 102 115 108 111 110 110 110 105 106 105 104 103 102 101 100 97 96 93 92 102 101 99 97 96 92 91 91 105 100 98 99 97 98 96 90 87 86 101 83 90 86 83 82 81 79 76 87 75 74 71 69 84 82 79 77 75 70 69 69 86 89 88 76 74 72 80 74 72 80 78 69 65 64 83 61 76 76 71 70 67 61 60 59 56 53 46 46 73 77 76 65 61 57 53 50 47 45 43 43 43 65 65 64 40 39 37 37 64 59 55 50 45 42 38 33 33 33 64 60 58 56 54 53 51 50 48 46 45 43 42 41 39 38 37 36 35 34 57 48 47 37 36 35 25 61 55 52 42 40 38 20 20 20 55 54 49 41 38 25 16 14 52 52 49 39 36 34 30 29 28 57 13 13 11 0 
120 122 126 129 118 119 122 115 115 117 117 118 126 115 111 110 114 109 109 110 111 113 108 108 119 105 105 117 105 103 102 102 102 102 103 95 95 95 95 95 95 95 97 97 100 107 92 92 92 92 93 95 96 97 92 88 88 87 87 86 86 87 89 90 86 94 85 83 86 86 87 86 93 72 75 75 79 87 69 69 69 69 70 73 74 75 69 66 65 65 65 66 64 64 65 63 63 65 67 68 63 74 62 59 59 59 60 64 65 66 66 75 65 66 49 49 48 46 46 48 50 52 56 59 66 68 70 42 41 40 53 55 61 64 39 36 36 38 41 44 48 60 62 64 34 33 33 33 33 33 34 35 35 36 37 38 39 40 42 43 44 45 46 47 26 27 28 34 35 36 48 26 23 23 26 28 29 51 54 57 18 17 17 21 23 35 47 49 16 13 13 19 21 23 25 26 27 12 42 39 41 52 0 
120 121 125 128 118 118 121 115 115 116 116 117 125 115 111 110 113 109 109 110 110 112 108 108 117 105 105 115 105 103 102 102 102 102 102 95 95 95 95 95 95 95 96 96 99 105 92 92 92 92 92 94 95 95 92 88 88 87 87 86 86 86 88 89 86 93 85 82 84 85 86 85 91 72 73 74 78 85 69 69 69 69 69 72 73 74 69 67 66 65 65 65 64 64 64 63 63 64 66 67 63 72 62 59 59 59 59 62 64 64 64 72 62 63 49 50 49 46 46 47 48 50 53 57 63 65 67 42 41 40 51 53 58 60 39 36 36 37 39 42 45 56 59 60 35 33 33 33 33 33 33 33 34 35 35 36 37 38 39 40 42 42 43 44 26 26 26 32 32 33 45 27 23 23 25 26 27 47 50 54 18 17 17 19 20 31 43 46 16 13 13 16 18 19 21 22 23 14 38 35 37 48 4 0 
120 120 124 126 118 118 120 115 115 115 116 116 123 115 111 110 112 109 109 109 110 111 108 108 115 105 105 114 105 103 102 102 102 102 102 95 95 95 95 95 95 95 95 96 98 103 92 92 92 92 92 93 94 94 92 88 88 87 87 86 86 86 87 88 87 91 85 82 83 84 85 84 89 72 73 73 76 83 69 69 69 69 69 71 72 72 70 68 67 65 65 65 64 64 64 63 63 63 65 66 64 70 62 59 59 59 59 61 62 63 62 70 60 61 50 51 50 46 46 46 47 49 51 54 60 62 64 42 41 41 48 50 55 58 40 36 36 36 37 40 43 53 56 57 36 33 33 33 33 33 33 33 33 33 34 35 35 36 37 38 39 40 41 42 27 26 26 30 30 31 42 29 24 23 23 24 25 44 47 50 20 19 17 17 18 28 39 42 17 15 13 14 15 17 18 19 20 17 34 31 33 44 8 4 0 
120 120 122 125 118 118 119 115 115 115 115 115 121 116 112 111 111 110 109 109 109 110 109 109 113 105 105 112 106 103 102 102 102 102 102 96 95 95 95 95 95 95 95 95 97 101 92 92 92 92 92 92 93 93 93 89 88 88 87 87 86 86 86 87 88 89 85 82 82 83 83 82 86 73 72 72 74 80 70 69 69 69 69 70 70 71 71 70 69 65 65 65 65 64 64 64 64 63 63 64 66 68 62 60 59 59 59 60 60 61 60 66 56 57 52 54 53 47 46 46 46 47 49 51 57 59 60 44 43 42 45 47 51 53 41 37 36 36 36 37 40 49 51 53 38 35 35 34 33 33 33 33 33 33 33 33 33 34 35 35 36 37 38 38 30 26 26 27 27 28 37 32 26 25 23 23 23 39 41 45 23 22 19 17 17 24 34 37 20 19 16 13 13 13 14 14 15 21 28 25 27 38 14 10 6 0 
120 120 122 123 118 118 118 116 115 115 115 115 120 116 112 111 110 110 109 109 109 109 109 110 112 106 105 110 107 103 103 103 103 102 102 96 96 96 95 95 95 95 95 95 96 100 93 93 92 92 92 92 92 92 94 90 89 89 88 88 87 86 86 86 89 88 85 82 82 82 83 81 85 74 72 72 73 78 71 70 69 69 69 69 69 70 72 72 71 65 65 65 66 64 64 65 65 63 63 63 67 66 63 61 60 59 59 59 60 60 59 64 55 55 54 56 55 48 47 46 46 46 48 50 54 56 57 46 45 44 43 45 49 51 43 39 37 36 36 36 38 46 48 50 41 37 36 35 35 34 33 33 33 33 33 33 33 33 33 34 35 35 36 36 32 27 26 26 26 26 34 34 29 26 23 23 23 36 38 41 26 25 21 17 17 21 31 33 23 22 19 13 13 13 12 12 13 25 25 21 23 34 18 14 10 4 0 
121 120 121 122 118 118 118 116 116 115 115 115 118 117 113 112 110 111 110 109 109 109 110 111 111 107 106 109 108 103 104 104 103 103 102 97 97 97 96 96 96 95 95 95 95 98 94 93 93 92 92 92 92 92 95 91 90 90 89 89 88 86 86 86 90 87 85 82 82 82 82 80 83 75 72 72 72 76 72 71 70 70 69 69 69 69 74 74 73 66 66 65 68 65 64 67 66 63 63 63 69 65 64 63 61 60 59 59 59 59 58 62 52 53 56 58 58 50 48 46 46 46 46 48 52 53 54 48 47 46 42 43 46 48 45 41 39 37 36 36 37 43 45 46 44 40 39 38 37 36 35 34 34 33 33 33 33 33 33 33 33 33 34 34 35 29 28 26 26 26 31 38 32 29 24 23 23 32 34 37 30 29 24 19 18 18 27 29 27 26 23 15 14 13 11 11 11 30 20 16 18 29 23 19 15 9 5 0 
122 120 120 121 119 118 118 118 117 115 115 115 117 119 114 114 110 113 111 109 109 109 112 113 110 108 107 107 109 104 106 105 105 105 102 99 99 98 97 97 97 96 95 95 95 97 96 95 94 93 92 92 92 92 97 92 92 92 91 91 90 86 86 86 92 86 86 83 82 82 82 80 81 78 72 72 72 75 74 73 72 71 70 69 69 69 76 77 76 68 67 66 70 67 65 69 68 64 63 63 72 63 66 65 62 61 60 59 59 59 57 59 50 51 59 62 61 53 50 48 46 46 46 46 49 50 51 51 50 50 40 41 43 45 49 45 41 39 37 36 36 40 42 43 48 43 42 41 40 39 38 37 36 35 34 34 33 33 33 33 33 33 33 33 39 32 31 26 26 26 28 42 37 33 27 25 25 28 30 33 34 34 29 23 21 17 22 24 32 31 28 19 17 16 12 12 11 35 15 10 12 23 29 25 21 15 11 6 0 
123 120 120 121 120 119 118 119 117 115 115 115 116 120 116 115 110 114 112 109 109 109 113 114 109 109 108 106 111 105 107 106 106 106 103 100 100 99 99 98 97 97 95 95 95 96 97 96 95 94 93 92 92 92 99 94 93 93 92 92 91 87 86 86 94 86 87 83 82 82 82 80 80 79 72 72 72 73 76 75 73 72 71 69 69 69 78 79 78 69 68 67 72 68 67 71 70 65 63 63 74 63 68 67 64 63 61 59 59 59 57 58 50 50 62 65 64 55 52 49 47 46 46 46 48 49 50 54 53 52 40 40 42 43 51 47 43 40 38 36 36 39 40 41 50 46 45 43 42 41 40 39 38 37 36 35 34 34 33 33 33 33 33 33 42 35 34 27 27 27 27 46 40 37 29 28 26 26 28 30 38 38 32 26 24 17 20 22 35 35 31 23 20 19 14 14 13 39 12 6 8 19 33 29 25 19 15 10 4 0 
126 122 120 120 122 121 118 122 120 117 116 115 115 124 119 118 110 117 115 111 111 109 117 119 108 113 111 105 115 108 111 110 109 109 105 105 104 103 102 101 101 100 97 97 95 95 101 100 98 97 96 93 93 92 103 98 97 97 96 97 95 90 88 87 99 86 90 86 83 83 83 80 79 84 75 75 72 72 81 80 78 76 74 71 70 70 84 85 85 74 72 71 78 72 71 77 76 68 65 65 80 63 73 73 69 68 66 61 60 60 57 56 49 49 69 73 72 62 58 54 51 49 47 46 46 46 46 61 60 60 40 40 40 40 59 55 50 46 43 40 37 36 36 37 59 55 53 51 50 48 47 45 44 43 42 40 39 38 37 36 35 35 34 34 51 43 42 33 32 32 26 55 49 46 37 35 33 23 23 24 48 48 42 35 32 21 17 17 45 45 42 32 29 28 23 22 21 50 10 5 4 8 44 40 36 30 26 21 15 11 0 
127 122 120 120 123 121 118 123 121 117 117 116 115 125 120 120 111 119 116 112 111 110 118 120 108 114 112 105 116 109 112 111 111 110 106 106 105 104 103 103 102 101 98 97 95 95 102 101 99 98 97 94 93 93 105 100 98 99 97 98 97 91 88 88 101 86 91 87 84 83 83 81 79 86 76 75 73 72 83 81 79 77 76 72 71 70 85 87 87 75 74 72 80 74 72 79 78 69 66 65 82 63 75 75 71 69 67 62 61 61 58 56 49 49 71 75 74 64 60 56 53 50 48 46 46 46 46 63 63 62 41 40 40 40 61 57 53 48 45 41 39 36 36 36 62 57 55 54 52 51 49 48 46 45 43 42 41 40 39 38 37 36 35 35 54 46 44 35 34 34 26 58 52 48 40 37 36 23 23 23 51 50 45 38 35 23 17 17 48 48 44 35 32 30 26 25 24 53 11 8 6 5 47 43 39 33 29 24 18 14 3 0 
128 123 120 120 124 122 119 124 122 118 117 116 115 126 121 120 111 119 117 112 112 110 119 121 108 115 113 105 117 110 113 112 111 111 106 107 106 105 104 103 103 101 99 98 96 95 103 102 100 99 97 94 94 93 106 101 99 100 98 99 98 91 89 88 102 86 92 88 85 84 83 81 79 87 77 76 73 72 84 82 80 78 76 72 71 71 87 89 88 76 75 73 81 75 73 80 79 70 67 66 83 63 76 76 72 70 68 63 62 61 58 56 49 49 72 76 76 65 61 57 54 51 49 47 46 46 46 65 64 64 42 41 40 40 63 59 54 50 46 42 39 36 36 36 63 59 57 55 54 52 51 49 48 46 45 43 42 41 40 39 38 37 36 36 56 47 46 36 36 35 27 59 54 50 41 39 37 23 23 23 53 52 47 39 37 24 17 17 50 50 46 37 34 32 28 27 26 55 12 10 8 4 49 45 41 35 31 26 20 16 5 2 0 
120 122 127 131 118 119 123 115 115 117 118 119 128 115 111 110 115 109 109 111 112 114 108 108 120 105 105 119 105 103 102 102 102 102 104 95 95 95 95 95 95 96 98 98 102 109 92 92 92 93 94 96 97 98 92 88 88 87 87 86 86 88 90 91 86 96 86 84 87 88 89 88 95 72 76 76 81 90 69 69 69 70 71 75 76 77 69 66 65 66 66 67 64 65 66 63 63 66 69 70 63 76 62 59 60 60 61 66 67 68 68 77 67 69 49 48 47 46 47 49 51 54 58 62 69 71 73 42 41 40 56 58 64 67 39 36 37 40 43 46 50 63 65 67 34 33 33 33 34 35 35 36 37 38 39 40 42 43 44 45 47 48 49 50 26 29 30 37 38 38 51 26 23 24 29 31 32 55 57 61 18 17 19 24 26 38 50 53 16 13 15 22 24 26 29 30 31 11 46 43 45 56 4 8 12 18 22 27 33 37 48 51 53 0 
123 123 125 127 121 121 122 118 118 118 118 118 123 119 115 114 114 113 112 112 112 113 112 112 116 108 108 114 109 106 106 105 105 105 105 99 98 98 98 98 98 98 98 98 99 104 96 95 95 95 95 95 96 96 96 92 91 91 90 90 89 89 89 89 91 92 88 85 85 86 86 85 89 76 75 75 77 82 73 72 72 72 72 72 73 73 74 73 72 68 68 68 68 67 67 67 67 66 66 67 69 70 65 63 62 62 62 62 63 64 62 68 59 60 55 57 56 50 49 49 49 50 51 54 59 60 62 47 46 45 47 49 53 55 44 41 39 39 39 40 42 51 53 54 42 39 38 37 37 36 36 36 36 36 36 36 36 37 37 38 39 39 40 40 33 29 29 30 30 30 38 35 30 28 26 26 26 40 42 46 26 25 22 20 20 25 35 37 23 21 19 16 16 16 16 16 17 24 29 24 26 37 15 11 7 3 4 8 14 18 29 32 34 19 0 
125 124 124 126 123 122 122 121 120 119 119 119 122 122 118 117 114 116 114 113 113 113 115 116 114 111 110 112 112 108 109 108 108 108 106 102 102 101 101 100 100 99 99 99 99 101 99 98 97 97 96 96 96 96 100 95 95 94 94 93 93 90 90 90 95 91 89 86 86 86 86 84 86 80 76 76 76 79 77 76 75 74 73 73 73 73 78 79 78 71 70 69 73 70 69 72 71 67 67 67 74 68 69 68 65 65 64 63 63 63 61 64 55 56 61 63 63 55 53 51 50 50 50 51 54 55 56 53 52 51 45 45 48 50 50 46 43 41 40 40 40 45 47 48 49 45 44 43 42 41 40 39 38 38 37 37 37 37 37 37 37 37 37 37 40 34 33 30 30 30 33 43 37 34 29 28 27 33 35 38 34 34 29 24 23 21 27 29 32 31 27 20 19 18 15 15 15 34 20 14 16 26 26 22 18 12 8 5 5 8 18 21 23 30 11 0 
126 124 124 125 123 122 122 122 121 119 119 119 121 123 118 117 114 116 115 113 113 113 115 117 113 112 111 111 113 108 109 109 109 108 106 103 102 102 101 101 101 100 99 99 99 101 100 99 98 97 96 96 96 96 101 96 95 95 94 94 93 90 90 90 96 90 90 86 86 86 86 84 85 81 76 76 76 78 78 77 76 75 74 73 73 73 80 80 79 72 71 70 74 70 69 73 72 68 67 67 75 67 70 69 66 65 64 63 63 63 61 63 54 55 62 65 64 56 54 52 50 50 50 50 53 54 55 54 54 53 44 45 47 48 52 48 45 42 41 40 40 44 45 46 50 47 45 44 43 42 41 40 39 39 38 38 37 37 37 37 37 37 37 37 42 36 34 30 30 30 32 45 39 36 30 29 28 31 33 36 37 36 31 26 24 21 25 27 34 33 30 22 20 19 16 15 15 37 18 12 13 24 29 25 21 15 11 7 4 5 15 18 20 33 14 3 0 
127 124 124 125 124 123 122 122 121 119 119 119 120 124 119 118 114 118 116 113 113 113 117 118 113 113 112 110 114 109 111 110 110 109 107 104 104 103 102 102 101 101 99 99 99 100 101 100 99 98 97 96 96 96 102 98 97 97 96 96 95 91 90 90 98 90 91 87 86 86 86 84 84 83 76 76 76 77 80 78 77 76 75 73 73 73 81 82 81 73 72 71 76 72 70 75 74 68 67 67 77 67 72 71 68 67 65 63 63 63 61 62 53 54 65 68 67 58 55 53 51 50 50 50 52 53 53 57 56 55 44 44 46 47 54 50 47 44 42 40 40 42 43 44 53 49 48 47 45 44 43 42 41 40 39 39 38 38 37 37 37 37 37 37 45 38 37 31 31 31 31 48 42 39 33 31 30 29 31 33 40 39 35 29 27 21 23 25 37 37 33 25 23 22 18 17 17 40 16 9 10 20 33 29 25 19 15 10 5 4 11 14 16 37 18 7 4 0 
127 125 125 126 124 123 123 122 121 120 120 120 122 123 119 118 115 117 115 114 114 114 116 117 115 112 111 113 114 109 110 109 109 109 107 103 103 102 102 101 101 101 100 100 100 102 100 99 98 98 97 97 97 97 101 97 96 96 95 95 94 91 91 91 96 91 91 87 87 87 87 85 87 81 77 77 77 80 78 77 76 75 74 74 74 74 80 80 79 72 71 71 74 71 70 73 72 68 68 68 75 69 70 69 67 66 65 64 64 64 62 65 56 56 62 65 64 56 54 52 51 51 51 52 55 56 57 54 53 53 45 46 49 50 52 48 45 43 41 41 41 46 47 48 50 46 45 44 43 42 41 40 40 39 39 38 38 38 38 38 38 38 38 38 41 35 34 31 31 31 34 44 38 36 30 29 29 33 35 38 36 35 31 26 24 22 27 29 33 32 29 22 20 19 16 16 16 35 20 14 16 26 27 23 19 13 10 6 5 7 17 20 22 31 12 1 2 6 0 
127 125 125 126 124 123 123 123 122 120 120 120 122 124 120 119 115 118 116 114 114 114 117 118 114 113 112 112 115 110 111 110 110 110 107 104 104 103 103 102 102 101 100 100 100 101 101 100 99 98 98 97 97 97 103 98 97 97 96 96 95 92 91 91 98 91 91 88 87 87 87 85 86 83 77 77 77 79 80 79 77 76 75 74 74 74 81 82 81 73 72 71 76 72 71 75 74 69 68 68 77 68 72 71 68 67 66 64 64 64 62 63 55 55 64 67 66 58 55 53 52 51 51 51 53 54 55 56 56 55 45 45 47 48 54 50 47 44 42 41 41 44 45 46 53 49 47 46 45 44 43 42 41 40 40 39 39 38 38 38 38 38 38 38 44 38 36 32 31 31 32 47 41 38 32 31 30 31 33 35 39 38 34 28 26 22 25 27 36 35 32 24 22 21 17 17 17 39 18 11 12 22 31 27 23 17 13 9 5 5 13 16 18 35 16 5 2 2 4 0 
129 126 126 126 126 125 124 125 124 121 121 121 122 126 122 121 116 120 118 115 115 115 119 121 114 115 114 112 117 111 113 112 112 112 109 107 106 105 105 104 104 103 101 101 101 102 103 102 101 100 99 98 98 98 105 100 99 99 98 98 97 93 92 92 100 92 93 90 88 88 88 86 86 85 79 78 78 79 82 81 80 78 77 75 75 75 84 85 84 75 74 73 78 74 73 77 76 71 69 69 80 69 74 73 70 69 68 65 65 65 63 63 55 55 68 70 70 61 58 56 54 52 52 52 53 54 55 60 59 58 46 46 47 48 57 53 49 46 44 42 42 43 44 45 56 52 51 49 48 47 46 45 44 43 42 41 41 40 40 39 39 39 39 39 48 41 40 34 33 33 32 51 45 42 35 34 33 31 32 34 43 42 37 31 29 23 24 25 40 39 36 28 26 24 20 20 19 43 17 9 10 19 35 31 27 21 18 13 8 6 10 13 15 39 20 9 6 2 8 4 0 
126 129 134 137 125 126 129 121 121 124 124 125 134 121 117 116 121 115 115 117 118 120 114 114 127 111 111 125 111 110 108 108 108 108 110 101 101 101 101 101 102 102 104 105 108 115 98 98 98 99 100 103 104 104 98 94 94 93 93 92 92 94 97 98 92 102 92 90 93 94 95 94 101 78 82 83 87 96 75 75 76 76 77 81 82 83 75 72 71 72 73 74 70 71 72 69 69 72 75 76 69 82 68 65 66 66 68 72 73 74 74 83 73 75 55 54 53 52 53 55 58 61 64 68 74 77 78 48 47 46 62 64 70 72 45 42 44 46 49 52 56 68 70 72 40 39 39 40 40 41 42 42 43 44 45 46 48 49 50 51 53 53 55 55 32 35 36 43 43 44 56 32 29 30 35 37 38 59 62 65 24 23 25 29 31 43 55 57 23 19 21 27 29 31 33 34 35 17 49 45 47 58 8 11 15 20 24 29 35 39 50 53 55 6 21 32 35 39 33 37 41 0 
131 127 126 126 128 126 124 127 126 122 122 121 121 129 125 124 116 123 120 117 116 115 122 124 114 118 116 111 120 113 116 115 115 114 111 110 109 108 107 107 106 105 103 102 101 101 106 105 104 102 101 99 98 98 108 103 102 102 101 101 100 95 93 93 104 92 95 92 89 89 88 86 85 89 81 80 78 78 86 85 83 81 80 76 76 75 88 90 89 79 77 76 82 77 76 81 80 73 71 70 84 69 78 77 74 72 71 67 66 66 63 62 55 55 73 76 75 66 62 59 56 54 53 52 52 52 52 65 64 63 46 46 46 46 62 58 54 51 47 45 43 42 42 43 62 58 56 55 53 52 51 49 48 47 46 45 44 43 42 41 41 40 40 40 54 46 45 37 37 36 32 57 51 48 41 38 37 29 29 30 50 49 44 37 35 25 23 23 47 47 43 34 32 30 26 25 24 50 16 9 9 12 43 39 35 29 25 20 15 11 6 7 8 47 28 17 14 10 16 12 8 49 0 
132 128 126 126 129 127 124 128 127 123 122 122 121 130 126 125 116 124 121 117 117 115 123 125 114 119 117 111 121 114 117 116 116 115 111 111 110 109 109 108 107 106 104 103 101 101 107 106 105 103 102 100 99 99 110 105 103 104 102 103 101 96 94 93 105 92 96 92 90 89 89 86 85 91 81 81 78 78 87 86 84 82 81 77 76 76 90 91 91 80 79 77 84 79 77 83 82 74 72 71 86 69 79 79 75 74 72 68 67 66 64 62 55 55 75 78 77 68 64 61 58 55 53 52 52 52 52 67 66 65 47 46 46 46 65 60 56 52 49 46 44 42 42 42 64 60 58 57 55 54 53 51 50 49 48 46 45 44 43 42 42 41 41 40 56 48 47 39 38 38 32 60 54 51 43 41 39 29 29 29 52 52 47 40 37 27 23 23 50 49 46 37 34 33 28 27 27 53 16 11 10 10 46 42 38 32 28 23 18 14 6 6 6 50 31 20 17 13 19 15 11 52 3 0 
127 128 132 135 125 126 129 122 122 123 124 125 132 122 118 117 120 116 116 117 118 119 115 115 125 112 112 123 112 110 109 109 109 109 110 102 102 102 102 102 102 102 103 104 107 113 99 99 99 99 100 102 102 103 99 95 95 94 94 93 93 94 96 96 93 100 92 90 92 93 93 93 98 79 81 82 85 92 76 76 76 76 77 80 80 81 76 73 72 72 72 73 71 71 72 70 70 71 74 75 70 80 69 66 66 66 67 70 71 72 72 79 70 71 56 56 55 53 53 54 56 58 61 64 70 72 74 49 48 47 58 60 65 67 46 43 43 44 47 49 53 63 65 67 41 40 40 40 40 40 41 41 42 42 43 44 45 46 47 48 49 50 51 51 33 33 34 39 40 40 51 33 30 30 32 34 34 54 56 60 25 24 24 26 28 38 49 51 23 20 20 23 25 26 28 29 30 18 43 39 41 51 7 7 9 14 18 23 28 32 43 46 48 8 14 25 28 32 26 30 34 7 42 45 0 
127 128 131 134 125 125 128 122 122 123 123 124 131 122 118 117 119 116 116 116 117 118 115 115 123 112 112 121 112 110 109 109 109 109 109 102 102 102 102 102 102 102 103 103 106 111 99 99 99 99 99 101 101 102 99 95 95 94 94 93 93 93 95 95 93 99 92 89 91 92 92 91 97 79 80 81 84 90 76 76 76 76 76 78 79 80 76 74 73 72 72 72 71 71 71 70 70 71 72 73 70 78 69 66 66 66 66 69 70 70 70 77 67 68 56 57 56 53 53 53 55 57 59 62 68 70 71 49 48 47 56 58 63 65 46 43 43 43 45 47 50 60 62 64 42 40 40 40 40 40 40 40 41 41 42 42 43 44 45 46 47 47 48 49 33 33 33 37 38 38 48 34 30 30 31 32 33 50 53 56 25 24 24 25 26 35 45 48 23 20 20 21 23 24 25 26 26 20 39 35 37 48 8 7 7 11 14 19 25 28 39 42 44 11 10 21 24 28 22 26 30 11 38 41 4 0 
130 131 134 137 128 128 131 125 125 126 126 127 134 125 121 120 123 119 119 120 120 122 118 118 126 115 115 125 115 113 112 112 112 112 112 105 105 105 105 105 105 105 106 106 109 114 102 102 102 102 102 104 105 105 102 98 98 97 97 96 96 96 98 98 96 102 95 92 94 95 95 94 100 82 83 84 87 94 79 79 79 79 79 82 82 83 79 77 76 75 75 75 74 74 74 73 73 74 75 76 73 81 72 69 69 69 69 72 73 74 73 80 70 71 59 59 58 56 56 56 58 60 62 65 71 73 74 52 51 50 59 61 65 67 49 46 46 47 48 50 53 63 65 67 44 43 43 43 43 43 43 43 44 44 45 45 46 47 48 49 50 50 51 52 36 36 36 40 41 41 51 37 33 33 34 35 36 53 55 59 28 27 27 28 29 38 48 50 26 23 23 25 26 27 28 29 29 22 42 37 39 49 10 10 10 14 17 21 26 30 41 44 46 12 13 22 25 29 23 27 31 10 39 42 4 3 0 
130 130 133 136 128 128 130 125 125 125 126 126 132 125 121 120 122 119 119 119 119 121 118 118 125 115 115 123 115 113 112 112 112 112 112 105 105 105 105 105 105 105 105 106 108 113 102 102 102 102 102 103 104 104 102 98 98 97 97 96 96 96 97 98 97 101 95 92 93 94 94 93 98 82 83 83 86 92 79 79 79 79 79 81 81 82 79 78 77 75 75 75 74 74 74 73 73 73 74 75 74 79 72 69 69 69 69 71 72 72 71 78 68 69 60 61 60 56 56 56 57 58 60 63 68 70 71 52 51 50 57 58 63 65 49 46 46 46 47 49 51 60 62 64 45 43 43 43 43 43 43 43 43 43 44 44 45 45 46 47 48 48 49 50 37 36 36 39 39 39 48 38 33 33 33 34 34 50 52 55 29 28 27 27 28 35 45 47 26 24 23 23 24 25 25 26 27 24 38 33 35 45 12 10 10 11 14 18 23 26 37 40 42 15 9 18 21 25 19 23 27 14 35 38 7 4 4 0 
130 130 132 134 128 128 129 125 125 125 125 125 130 126 121 120 121 119 119 119 119 120 118 119 123 115 115 121 116 113 112 112 112 112 112 106 105 105 105 105 105 105 105 105 106 111 102 102 102 102 102 102 103 103 103 99 98 98 97 97 96 96 96 97 98 99 95 92 92 93 93 92 96 83 82 82 84 89 80 79 79 79 79 79 80 80 81 80 79 75 75 75 75 74 74 74 74 73 73 74 75 77 72 70 69 69 69 70 70 71 69 75 65 66 61 63 62 57 56 56 56 57 58 60 65 67 68 54 53 52 54 55 59 61 51 47 46 46 46 47 49 57 59 60 47 45 44 44 43 43 43 43 43 43 43 43 43 44 44 45 45 46 47 47 39 36 36 37 37 37 45 40 35 34 33 33 33 45 48 51 31 30 28 27 27 31 40 42 29 26 25 23 23 23 22 23 23 28 33 28 29 40 17 14 11 10 10 13 18 21 31 34 36 20 7 13 16 19 13 17 21 20 29 32 13 9 10 6 0 
130 130 131 133 128 128 128 126 125 125 125 125 129 126 122 121 120 120 119 119 119 119 119 120 122 116 115 120 116 113 113 113 113 112 112 106 106 106 105 105 105 105 105 105 106 109 103 102 102 102 102 102 102 102 104 99 99 98 98 97 97 96 96 96 98 98 95 92 92 92 92 91 94 84 82 82 83 88 81 80 79 79 79 79 79 80 82 81 80 75 75 75 76 74 74 75 74 73 73 73 76 76 73 71 69 69 69 69 69 70 68 73 64 64 63 64 63 58 56 56 56 56 57 59 63 65 66 55 54 53 53 54 57 59 52 48 47 46 46 46 48 54 56 57 49 46 45 45 44 44 43 43 43 43 43 43 43 43 43 44 44 44 45 45 40 37 36 36 36 36 42 42 37 35 33 33 33 43 45 48 33 33 29 27 27 29 37 39 31 29 26 23 23 23 21 21 22 31 30 24 26 36 20 17 14 10 10 11 14 18 27 30 32 24 7 10 12 16 10 13 17 24 25 28 17 13 14 10 4 0 
131 130 131 132 128 128 128 126 126 125 125 125 128 127 123 122 120 121 120 119 119 119 120 121 121 116 116 118 117 113 114 113 113 113 112 107 107 106 106 106 105 105 105 105 105 108 104 103 103 102 102 102 102 102 105 100 100 99 99 98 98 96 96 96 100 97 95 92 92 92 92 90 93 85 82 82 82 86 82 81 80 79 79 79 79 79 83 83 82 76 75 75 77 75 74 76 76 73 73 73 78 74 74 72 70 70 69 69 69 69 67 71 62 62 65 67 66 59 57 56 56 56 56 57 61 62 63 57 56 55 51 52 55 56 54 50 48 46 46 46 46 52 53 54 52 48 47 47 46 45 44 44 43 43 43 43 43 43 43 43 43 43 44 44 43 38 37 36 36 36 40 45 40 38 34 33 33 40 42 44 36 36 32 28 27 28 34 36 34 32 29 24 23 23 21 21 21 35 26 20 22 31 25 21 18 13 11 10 11 14 23 26 27 28 10 6 8 11 6 9 12 29 20 23 22 18 19 15 9 5 0 
132 130 130 131 129 128 128 127 126 125 125 125 127 128 124 123 120 122 121 119 119 119 121 122 120 117 116 117 119 114 115 114 114 114 112 108 108 107 107 107 106 106 105 105 105 107 105 104 103 103 102 102 102 102 106 102 101 101 100 100 99 96 96 96 101 96 96 92 92 92 92 90 91 86 82 82 82 84 83 82 81 80 80 79 79 79 85 85 84 77 76 76 79 76 75 78 77 73 73 73 80 73 75 74 72 71 70 69 69 69 67 69 60 61 67 69 69 61 59 57 56 56 56 56 59 60 61 59 58 57 50 51 53 54 56 52 50 48 46 46 46 50 51 52 55 51 50 49 48 47 46 45 45 44 44 43 43 43 43 43 43 43 43 43 46 40 39 36 36 36 38 48 43 40 35 34 34 37 39 41 40 39 35 30 29 27 31 33 37 36 33 26 25 24 21 21 21 39 23 17 18 27 29 26 22 17 14 11 10 11 18 21 23 33 14 6 6 7 5 5 8 34 15 18 27 23 24 20 14 10 5 0 
132 130 130 131 129 128 128 128 127 125 125 125 126 129 125 124 120 123 121 119 119 119 122 123 119 118 117 116 120 115 116 115 115 115 113 110 109 108 108 107 107 106 105 105 105 106 106 105 104 103 103 102 102 102 108 103 102 102 101 101 100 97 96 96 103 96 96 93 92 92 92 90 90 88 82 82 82 83 85 84 82 81 80 79 79 79 86 87 86 78 77 76 81 77 76 80 79 74 73 73 82 73 77 76 73 72 71 69 69 69 67 68 60 60 69 72 71 63 60 58 57 56 56 56 58 59 59 61 60 59 50 50 52 53 59 54 51 49 47 46 46 48 49 50 57 53 52 51 50 49 48 47 46 45 45 44 44 43 43 43 43 43 43 43 48 42 41 37 36 36 37 51 45 43 37 36 35 35 37 39 43 42 38 33 31 27 29 30 40 39 36 29 27 26 22 22 22 42 21 14 15 23 33 29 26 20 17 13 10 10 15 18 19 37 18 8 6 6 7 5 5 38 11 14 31 27 28 24 18 14 9 4 0 
136 131 130 130 132 130 128 131 130 126 126 125 125 133 129 128 120 127 124 121 120 119 126 128 118 122 120 115 124 118 120 119 119 118 115 114 113 112 112 111 110 109 107 107 105 105 110 109 108 106 105 103 103 102 112 107 106 106 105 106 104 99 97 97 108 96 99 96 93 93 92 90 89 93 85 84 82 82 90 89 87 85 84 81 80 80 92 93 93 83 81 80 86 81 80 85 84 77 75 74 88 73 82 81 78 76 75 71 70 70 67 66 59 59 76 79 79 70 66 63 60 58 57 56 56 56 56 68 68 67 50 50 50 50 66 62 58 54 51 49 47 46 46 46 65 61 60 58 57 56 54 53 52 51 50 49 48 47 46 45 45 44 44 44 57 50 48 41 41 40 36 60 55 51 44 42 41 33 33 34 53 52 47 41 38 29 27 27 50 49 46 37 35 33 29 29 28 53 20 13 13 15 45 41 37 31 27 23 18 14 10 10 11 49 29 18 16 12 17 13 9 50 4 4 43 39 40 36 30 26 21 16 12 0 
136 132 130 130 133 131 128 132 131 127 126 126 125 134 130 129 121 128 125 122 121 120 127 129 118 123 121 115 125 118 121 120 120 119 115 115 114 113 113 112 111 110 108 107 105 105 111 110 109 107 106 104 103 103 114 109 107 108 106 107 106 100 98 97 109 96 100 97 94 93 93 90 89 95 86 85 83 82 91 90 88 86 85 81 81 80 94 95 94 84 83 81 88 83 81 87 86 78 76 75 90 73 83 83 79 78 76 72 71 70 68 66 59 59 78 82 81 71 68 65 62 59 57 56 56 56 56 70 70 69 51 50 50 50 68 64 60 56 53 50 48 46 46 46 68 63 62 60 59 58 56 55 54 53 51 50 49 48 47 47 46 45 45 44 60 52 50 43 42 42 36 63 57 54 46 44 43 33 33 33 55 55 49 43 41 31 27 27 52 52 48 40 37 36 31 31 30 56 20 15 14 13 48 44 40 34 30 26 20 17 10 10 10 51 32 21 18 15 20 16 12 53 5 4 46 42 43 39 33 29 24 19 15 3 0 
137 132 130 130 133 131 128 133 131 127 127 126 125 135 130 130 121 129 126 122 121 120 128 130 118 124 122 115 126 119 122 121 121 120 116 116 115 114 113 113 112 111 108 108 106 105 112 111 109 108 107 104 103 103 114 110 108 109 107 108 106 101 98 98 110 96 101 97 94 94 93 91 89 96 86 86 83 82 92 91 89 87 86 82 81 81 95 96 96 85 84 82 89 84 82 88 87 79 76 75 91 73 84 84 80 79 77 72 71 71 68 66 59 59 79 83 82 73 69 66 63 60 58 57 56 56 56 72 71 70 51 50 50 50 70 65 61 57 54 51 49 46 46 46 69 65 63 62 60 59 58 56 55 54 53 51 50 49 48 47 47 46 45 45 61 53 52 44 43 43 36 64 59 55 48 45 44 33 33 33 57 56 51 45 42 32 27 27 54 54 50 41 39 37 33 32 31 57 21 16 15 13 50 46 42 36 32 27 22 18 11 10 10 53 34 23 20 17 22 18 14 55 7 5 48 44 45 41 35 31 26 21 17 5 2 0 
140 135 132 132 136 134 131 136 134 130 129 129 127 138 133 133 123 132 129 125 124 122 131 133 120 127 125 117 129 122 125 124 124 123 119 119 118 117 116 116 115 114 111 110 108 107 115 114 112 111 110 107 106 106 118 113 111 112 110 111 110 104 101 100 113 98 104 100 97 96 96 93 91 99 89 88 85 84 96 94 92 90 89 85 84 83 98 100 99 88 87 85 92 87 85 91 90 82 79 78 94 75 88 88 84 82 80 75 74 74 71 68 61 61 83 87 86 76 72 69 66 63 61 59 58 58 58 75 74 74 54 53 52 52 73 69 65 61 57 54 52 48 48 48 73 68 67 65 64 62 61 60 58 57 56 55 54 53 51 51 50 49 48 48 65 57 55 47 47 46 39 68 62 59 51 49 48 35 35 35 60 60 55 48 46 35 30 29 58 57 54 45 43 41 37 36 35 61 24 19 18 15 53 49 45 39 36 31 25 22 14 13 12 57 38 27 24 20 25 22 18 58 10 8 51 47 48 44 38 34 29 24 20 8 5 3 0 